2.60063 
-2.3845 
2.23137 
9.20347 
-13.7961 
20.9329 
1.71294 
-1.93865 
-0.613205 
-2.25312 
-0.763919 
1.99183 
-14.3106 
1.20941 
0.74097 
0.952364 
5.02599 
4.23145 
-3.81799 
-0.948923 
1.45109 
3.28999 
4.62916 
-11.5117 
-0.368478 
6.87037 
12.8385 
3.94744 
4.92527 
-19.1605 
26.733 
7.71862 
29.0813 
-10.2364 
3.09347 
4.0981 
-17.5979 
-2.40155 
7.73519 
2.38064 
-2.46242 
0.291708 
0.805184 
2.9404 
-4.43146 
-4.61382 
7.73018 
14.442 
-1.63123 
-2.90858 
1.2695 
5.34258 
12.8965 
1.89082 
12.1103 
-0.447279 
7.24882 
2.53464 
8.10193 
-0.693549 
-2.42106 
1.39408 
3.38936 
11.2731 
10.7346 
4.36361 
1.97238 
1.97107 
6.39444 
-2.28755 
2.12935 
3.33671 
3.31541 
0.945198 
28.9089 
17.6061 
-3.49929 
10.678 
-3.98926 
11.3466 
3.39172 
2.87973 
3.9042 
3.77835 
6.50745 
-3.10615 
2.19509 
-5.2191 
5.01578 
11.8672 
20.0639 
-0.119584 
15.6429 
4.84923 
-4.06201 
-9.62299 
4.49368 
-1.2589 
2.11473 
1.79087 
5.86699 
1.10897 
2.94797 
10.1397 
-0.957922 
3.60534 
-1.07427 
-2.18195 
2.16573 
-0.0928845 
4.99545 
5.55157 
0.0056492 
10.3919 
6.40448 
8.07291 
14.1535 
3.00988 
-17.4217 
-0.452 
6.83916 
2.09216 
9.28426 
16.8974 
4.28379 
13.5115 
0.895282 
22.8312 
5.21263 
2.24316 
0.178772 
0.0869919 
4.46024 
-3.79725 
8.62173 
-1.18758 
5.20822 
1.96719 
-19.6651 
4.33926 
5.08415 
-10.7279 
-5.61901 
-1.087 
4.64232 
2.37278 
9.07435 
18.0956 
-0.683112 
-15.0929 
-0.226873 
0.502528 
2.36895 
2.85517 
-2.49436 
2.60721 
0.119466 
-4.73907 
-0.833106 
-1.24435 
-19.1109 
2.30809 
2.58812 
0.85904 
2.62452 
2.55502 
4.04094 
5.62986 
2.0913 
-2.10277 
-6.55243 
-2.82072 
0.247354 
1.28976 
6.52992 
4.54394 
-7.40364 
6.50838 
2.91653 
-1.70997 
7.58403 
3.96069 
10.2316 
11.918 
17.322 
4.93621 
0.288077 
1.8647 
4.37562 
5.8517 
-0.553987 
-0.747582 
-1.78289 
11.6338 
0.413322 
-2.69891 
-1.77152 
10.1276 
6.68145 
20.1273 
-0.447977 
2.21726 
-0.837347 
-1.99081 
1.84114 
28.4364 
-1.52427 
9.45658 
7.36543 
1.25299 
4.28003 
2.81342 
3.99819 
-3.28121 
0.200135 
5.58188 
-0.414789 
21.0001 
3.95578 
28.2242 
1.2079 
-0.0417854 
22.5181 
6.35297 
2.55746 
-0.606321 
-3.72857 
0.415185 
-0.372387 
-1.09211 
0.0895592 
2.32006 
0.934442 
1.46112 
0.302412 
2.56847 
-0.239077 
3.80843 
8.69237 
24.5925 
0.533586 
-0.0281277 
4.4255 
15.2652 
3.51237 
-2.85609 
2.37474 
-12.2215 
17.505 
0.171329 
-12.3207 
1.5327 
-10.3146 
2.89327 
0.0414038 
1.55747 
-19.3157 
10.4205 
4.54181 
0.0220836 
-1.78004 
-1.54492 
-0.793791 
18.2158 
3.57061 
1.96912 
21.6562 
0.374265 
22.9271 
4.6029 
-1.20789 
1.32539 
4.99799 
2.31973 
1.23236 
15.5178 
-1.53837 
3.92146 
5.41799 
27.3361 
1.02896 
-11.201 
-0.110096 
1.83936 
-0.390615 
0.752593 
4.161 
-0.411856 
-0.841718 
5.70656 
3.85864 
3.17467 
6.50367 
5.21116 
4.54298 
-1.64303 
11.4058 
0.498619 
0.772965 
1.97892 
-11.5174 
-7.52004 
-2.30837 
0.499408 
-6.91193 
0.233385 
-0.375666 
7.42613 
-13.6946 
-0.336716 
1.8767 
-5.16511 
0.440135 
-0.96506 
-7.04013 
9.42388 
3.89006 
0.00635936 
-1.08869 
-1.43315 
6.93795 
2.7529 
-4.34488 
4.8408 
-19.5302 
0.236193 
4.86511 
5.68766 
9.45308 
-1.76481 
3.77836 
-0.394098 
23.581 
28.8012 
-2.2844 
-0.0622068 
-11.8287 
-6.20171 
2.83346 
7.1882 
5.43295 
2.30195 
2.42147 
0.36106 
-19.022 
-8.16884 
0.593774 
-0.301648 
0.644642 
-11.8075 
12.8052 
-1.97679 
-2.71911 
1.82247 
10.2347 
0.113529 
5.78567 
0.545882 
8.48613 
1.70654 
0.189724 
17.2769 
6.60525 
4.14225 
-0.648904 
1.70733 
1.5034 
10.8182 
0.915488 
2.2058 
2.16229 
-0.858285 
1.80377 
0.470049 
0.547082 
23.1359 
2.07539 
-0.426227 
1.7489 
-1.73324 
-0.911506 
2.36761 
-14.1464 
0.274863 
5.52479 
0.518753 
3.86997 
-13.4001 
-3.40231 
10.9568 
5.66837 
3.57824 
26.8336 
-2.78819 
14.0808 
2.7815 
-0.225045 
7.31148 
19.0062 
-1.80163 
-10.0291 
-15.9212 
-0.591029 
4.60601 
10.4499 
-16.0479 
2.3399 
2.59525 
1.05361 
9.99717 
17.5111 
12.2242 
-1.28694 
2.13312 
-1.74826 
1.25265 
5.8012 
7.41595 
26.8941 
5.89515 
-1.4329 
-7.80565 
-7.5386 
3.15179 
4.95685 
4.83642 
10.1075 
8.37383 
-2.88647 
-3.6749 
-1.86515 
0.371599 
-0.890357 
3.75101 
-13.4754 
-1.0091 
3.29062 
2.38186 
-1.95037 
6.5852 
1.76737 
2.17749 
4.00161 
-3.36938 
8.48161 
14.7366 
-9.88758 
2.06037 
-1.10293 
-3.04856 
10.4403 
0.288937 
4.65582 
16.4198 
2.62821 
3.38024 
3.64118 
3.70248 
17.6639 
3.10873 
2.32787 
0.460444 
15.7805 
-1.28426 
5.69731 
-0.971863 
4.35553 
-17.7235 
19.1013 
2.86441 
0.588595 
1.57745 
2.86934 
2.74259 
7.03761 
-0.85898 
-9.65995 
1.34543 
-0.470722 
0.389974 
1.89107 
0.114796 
3.59215 
-1.7198 
2.56393 
-2.73501 
5.58586 
0.323661 
4.56564 
-0.272022 
-1.06974 
4.56573 
-1.00464 
-4.71282 
4.74587 
1.59775 
8.9037 
26.3496 
-8.27186 
2.8146 
-7.99171 
3.24784 
1.40617 
-15.5887 
2.89273 
1.05893 
14.2528 
-17.6937 
3.25814 
2.32535 
2.74979 
0.742036 
11.0783 
1.46533 
-19.0329 
0.859749 
0.788707 
-3.06933 
6.19868 
-2.53388 
1.88968 
1.28281 
3.6167 
3.56405 
5.54106 
12.1732 
3.73728 
-0.313054 
-1.14322 
-16.2767 
12.4972 
22.743 
-1.42586 
1.78988 
4.04996 
10.0099 
-12.8525 
-18.0985 
-1.63659 
-4.09951 
18.8973 
0.669824 
2.81097 
-2.34436 
5.3878 
-10.2407 
4.30826 
7.09614 
20.8114 
0.754223 
-1.65774 
6.06732 
1.63429 
3.82713 
10.7851 
4.89154 
1.32531 
5.95728 
-2.00204 
9.27402 
-9.72486 
1.09581 
-14.3575 
-6.83535 
3.62408 
2.95183 
0.781046 
5.98727 
2.88597 
1.19125 
2.2114 
1.31179 
2.40472 
7.28105 
-18.3472 
-11.5754 
0.882727 
1.51063 
0.653172 
4.08336 
0.329551 
-1.31654 
-9.02779 
-12.7894 
10.8316 
-0.118913 
-9.36639 
9.98545 
2.27529 
1.05064 
2.07 
-8.83914 
7.9696 
-0.526428 
17.1635 
16.9895 
2.1688 
12.9479 
4.56758 
9.08267 
8.05386 
3.08517 
2.49715 
4.12113 
6.58748 
19.9816 
-2.57618 
2.05335 
4.04924 
-5.31737 
-3.7653 
2.29756 
0.636639 
13.3471 
-1.09139 
2.32207 
3.55032 
-0.905884 
-2.29161 
14.4851 
14.7547 
0.202547 
1.25528 
10.2124 
5.62593 
-0.436739 
16.6615 
2.16095 
7.00771 
-4.83927 
18.411 
-17.2172 
-3.92424 
2.97457 
-2.46621 
0.599243 
1.26688 
-5.72669 
11.1655 
-1.91439 
-18.2643 
29.8035 
12.846 
1.19449 
11.9734 
1.5028 
4.89853 
-0.0298355 
-3.6767 
0.147563 
-3.15422 
0.290882 
-5.52356 
-2.33896 
-0.636042 
4.29066 
4.90599 
5.19973 
8.05013 
1.69152 
0.075477 
9.5518 
3.85785 
1.53619 
9.79873 
0.152152 
-0.31608 
4.03309 
16.7131 
-1.50032 
9.71895 
-0.677578 
2.2783 
2.7687 
3.74465 
28.409 
-17.6018 
3.83302 
-0.972625 
-0.759786 
1.43112 
1.62584 
-0.278679 
2.60496 
-4.61566 
-12.4065 
10.6293 
-9.30611 
-0.651714 
3.58387 
12.5678 
0.371374 
10.0937 
0.623083 
-0.543756 
3.32792 
1.59511 
-0.155357 
14.2741 
19.2578 
3.90027 
20.4674 
0.424154 
3.83812 
5.57233 
-3.21931 
-2.77816 
-0.017089 
4.82261 
4.34491 
5.11066 
-0.950523 
10.4778 
-0.471557 
0.857548 
-7.27447 
-15.4033 
-0.449973 
4.70858 
-5.39247 
2.20302 
1.86666 
3.21716 
-2.70664 
-16.7447 
5.12962 
0.35899 
2.6309 
4.51575 
1.90675 
1.58042 
4.8051 
3.87345 
1.0882 
4.75866 
8.28356 
0.930597 
0.210504 
5.89273 
2.16648 
6.46138 
1.72759 
-1.44751 
-2.67591 
-1.35376 
-7.85195 
-2.31843 
15.0562 
3.47737 
19.02 
18.9336 
0.368796 
5.65218 
-2.19959 
1.19238 
-3.18674 
-10.8785 
-8.61388 
3.53567 
-10.2531 
2.39439 
-2.59284 
-2.89338 
6.06928 
-5.32599 
-1.63811 
-0.698859 
2.00731 
0.462799 
29.0923 
-6.60448 
18.497 
1.6202 
25.1173 
-0.649747 
25.5359 
4.64861 
11.0982 
-14.1103 
2.56728 
-2.74353 
-18.7603 
0.609836 
0.467889 
11.243 
-7.30628 
17.7438 
2.87966 
-1.02048 
-1.19157 
6.73444 
0.00547296 
-8.86441 
-2.08378 
7.181 
0.707504 
1.07362 
-10.868 
-7.93068 
9.04962 
4.51627 
6.20851 
3.90394 
8.76873 
0.49863 
4.16031 
4.64822 
1.79915 
0.962208 
3.39063 
2.07007 
9.31402 
14.3712 
0.0748727 
0.0131125 
-1.3418 
4.84947 
2.70487 
-6.70288 
3.23077 
0.420692 
17.0832 
7.73836 
-13.9329 
-1.04132 
7.92974 
5.24101 
0.742157 
-1.64617 
-1.49686 
5.34216 
0.336876 
6.66545 
1.95178 
3.32466 
1.81394 
-3.31118 
1.85375 
2.07736 
2.20654 
5.89129 
0.0656692 
-11.7854 
4.74808 
0.765358 
1.68645 
8.85852 
1.65876 
6.46136 
3.76486 
2.93221 
-0.126446 
-0.234721 
8.81987 
2.27171 
2.60869 
6.11954 
3.24869 
0.435322 
13.4811 
7.86365 
19.3288 
-17.2232 
2.64717 
2.35081 
-15.3587 
2.35177 
-3.42472 
19.1914 
1.6892 
19.1123 
-2.32641 
8.49025 
9.02057 
11.1949 
-2.24778 
-1.11758 
-14.6802 
-10.6269 
-5.67654 
-0.684648 
5.72557 
28.5943 
-14.5 
2.96474 
-1.4376 
8.06972 
10.0448 
1.5606 
3.26135 
0.893764 
4.96063 
-7.31013 
2.90793 
-2.24217 
21.6388 
1.05875 
-0.467392 
9.49043 
2.39289 
-17.4777 
1.19288 
2.9641 
10.544 
6.55213 
7.48056 
1.44717 
0.00315512 
-0.187924 
-3.30737 
6.78597 
-2.85601 
-1.38697 
-0.828962 
-16.1554 
2.14751 
1.7279 
-1.70383 
-9.25813 
25.7994 
-2.02433 
0.195154 
2.46121 
4.47328 
-0.470849 
6.29819 
-5.00797 
-0.98688 
2.86219 
8.65558 
2.54012 
-0.0652374 
4.65541 
7.32108 
-5.51553 
10.4338 
0.399936 
-3.61419 
3.34293 
3.79943 
4.52354 
0.636571 
-0.0780669 
2.16096 
21.9284 
4.3963 
3.32334 
8.17417 
-6.58379 
-15.4805 
3.79654 
6.85863 
3.76553 
-3.03871 
2.82203 
4.00135 
-2.93085 
2.66063 
7.91745 
1.17643 
14.8107 
-0.204983 
4.97722 
1.13571 
-2.62496 
7.65909 
-3.20095 
-0.383995 
-1.29393 
8.19639 
0.065163 
2.35786 
9.66914 
6.85273 
5.24259 
1.97765 
1.1907 
8.24995 
2.67831 
8.94831 
2.51729 
0.897392 
-6.51417 
-0.477347 
4.01289 
-1.27959 
-1.63045 
20.6576 
3.02474 
-13.6365 
28.5609 
-10.6722 
1.28036 
7.16609 
1.33538 
4.21558 
1.17391 
3.73626 
19.0662 
7.0034 
4.87348 
-15.8185 
-2.34112 
1.08354 
-15.1212 
-19.1276 
17.6844 
-12.8347 
21.6177 
2.56005 
3.67253 
-0.776506 
1.73335 
6.32067 
-12.1574 
3.0914 
9.75399 
3.25589 
-10.4561 
-19.9864 
4.4793 
-6.47583 
-0.619296 
5.31059 
18.3584 
28.2881 
-1.3829 
-0.785928 
4.54485 
3.4564 
12.5808 
2.40518 
8.8878 
1.42451 
2.79039 
4.28464 
2.49114 
1.47995 
13.9083 
-4.16431 
11.2933 
-0.535529 
-1.08103 
0.390295 
2.45652 
13.3666 
4.83899 
2.91925 
2.33507 
-0.273819 
-0.560129 
2.01716 
-1.96105 
-2.19787 
5.71548 
1.58143 
24.458 
11.163 
6.18249 
10.6996 
0.820752 
9.17833 
3.06378 
16.8641 
-1.32942 
0.078836 
-0.162163 
0.958209 
-9.19834 
3.16883 
11.5288 
5.24485 
2.58032 
-3.818 
-0.574416 
-1.86279 
6.35254 
26.4975 
-6.28628 
10.3227 
9.89056 
8.17543 
-12.1677 
0.371848 
5.50261 
0.517996 
-1.75143 
-13.096 
2.72839 
12.8461 
2.00535 
2.46306 
1.25929 
2.4247 
2.44243 
12.0511 
0.129007 
-0.332518 
4.93656 
5.94031 
1.66702 
22.2541 
1.56756 
-0.0640062 
-0.110646 
21.1678 
2.85349 
1.53667 
3.57609 
13.7186 
4.43681 
6.57925 
-1.92776 
1.57695 
-1.05291 
3.77553 
1.15059 
7.88246 
8.50816 
0.425742 
1.407 
-0.519946 
2.40541 
8.64398 
0.442393 
3.19739 
9.43795 
-17.8133 
-0.0552106 
4.13351 
1.89227 
9.07113 
1.70662 
2.99274 
1.29222 
5.65663 
-0.47885 
3.21485 
-14.9668 
2.16895 
3.35736 
1.07188 
4.57403 
10.1241 
-2.91819 
-3.2326 
8.64505 
24.908 
10.6103 
-2.21496 
0.4387 
1.14796 
-1.78686 
9.20984 
4.17833 
8.49039 
-4.3166 
5.00061 
3.23229 
-1.97269 
-0.328353 
-5.96029 
2.08179 
-0.464822 
8.98368 
5.89721 
0.388251 
7.41049 
0.31496 
3.01368 
2.7763 
-19.8819 
1.70784 
26.9349 
3.77409 
2.6825 
0.360802 
-2.04105 
-2.45463 
1.11909 
6.15894 
0.57986 
3.54849 
3.91931 
0.508581 
-2.1974 
1.90413 
0.629661 
20.7008 
6.42884 
3.69021 
-7.23745 
1.34213 
7.84518 
14.5872 
3.99528 
4.8272 
2.69878 
2.47271 
1.96244 
3.57961 
-1.45365 
1.36188 
1.39965 
-1.31762 
18.974 
0.0329494 
0.231967 
1.81326 
4.42905 
10.862 
2.50639 
16.551 
-0.073581 
0.355379 
1.49304 
23.022 
2.13815 
3.3574 
29.161 
-15.298 
-0.542632 
1.57869 
0.572937 
12.9095 
-0.416434 
25.1838 
1.61427 
1.37575 
-2.4031 
4.79378 
0.103622 
23.2926 
12.8501 
-2.09846 
-0.074344 
8.13513 
-5.32877 
4.57192 
6.08075 
-9.81093 
5.0972 
-0.887313 
7.62501 
4.67192 
7.15077 
3.0959 
1.51455 
26.6497 
-3.36641 
1.91517 
7.85363 
-0.295077 
4.41333 
13.7017 
-2.55368 
9.2877 
5.30453 
2.87164 
-0.67717 
-13.5029 
-0.570805 
26.454 
-1.51395 
10.6093 
-7.13925 
-4.11336 
2.81795 
-2.44597 
1.15614 
-8.81212 
12.5763 
-3.84846 
-15.1625 
5.41679 
-15.2751 
0.674119 
-0.777371 
-1.34225 
12.6732 
6.57801 
7.78949 
0.439736 
1.05503 
8.6895 
4.40902 
-3.29385 
2.58514 
-0.645085 
5.43355 
1.48445 
0.6145 
3.37584 
-10.6041 
1.59448 
1.95101 
26.4475 
0.777308 
0.884941 
-0.991862 
1.42196 
1.67313 
-4.62246 
1.24653 
1.99432 
8.63967 
6.05676 
0.78958 
8.22466 
4.80298 
3.9813 
7.86742 
-0.78682 
2.56857 
5.57084 
7.22405 
3.12953 
1.77254 
-1.07098 
4.56038 
15.8483 
-7.99776 
13.9872 
13.2984 
16.3033 
6.003 
-0.387391 
3.22139 
1.99381 
14.0137 
5.7841 
4.53098 
2.33696 
-3.03981 
-1.44311 
3.24794 
-0.90089 
0.978177 
4.51013 
-4.209 
-1.02473 
11.251 
4.33271 
2.56395 
2.47154 
-1.20109 
1.82048 
3.57002 
9.22214 
-1.67752 
5.11588 
4.76396 
-8.78901 
19.7978 
-2.76604 
-0.528934 
-1.31093 
7.43365 
0.461025 
1.49648 
20.5484 
0.180207 
0.742383 
4.25843 
10.0279 
-0.243904 
1.46256 
1.64534 
8.85767 
3.28759 
10.9335 
-15.0357 
-2.96897 
-0.841355 
0.274999 
10.1801 
4.02026 
7.81597 
3.08736 
5.2347 
5.66468 
1.98699 
11.0554 
-0.117107 
-0.924654 
1.93624 
-1.76148 
19.2076 
7.03384 
-9.04587 
-0.895219 
8.04594 
4.29167 
-1.74943 
3.4279 
2.16453 
0.991371 
3.84108 
1.48594 
-1.10487 
1.9841 
-0.679905 
-1.69804 
-0.097115 
-1.98782 
2.35563 
2.76323 
2.53414 
4.72433 
6.2544 
6.07997 
0.456155 
18.2882 
2.86883 
-0.11375 
2.7557 
2.63635 
-2.18039 
3.16468 
2.52103 
-12.7911 
2.30201 
-0.298984 
11.0579 
-1.45771 
8.76686 
3.0561 
5.72502 
1.99652 
2.07937 
-16.0875 
5.61089 
5.79939 
0.151266 
0.324801 
3.12998 
-12.8782 
3.46464 
-5.84964 
-0.328717 
-0.93848 
6.60158 
-0.410468 
3.37752 
0.106537 
1.40907 
-5.80828 
1.0901 
2.8598 
2.9164 
-4.3702 
4.51051 
-15.5747 
-0.50616 
-0.412988 
3.35349 
16.2533 
-13.9889 
1.96831 
-0.20204 
0.463502 
-0.457403 
-12.2377 
-1.22942 
6.3755 
-1.09077 
11.9322 
0.6975 
0.976473 
15.3964 
8.40812 
2.38019 
3.66081 
-1.44462 
7.2451 
-1.24544 
10.2343 
13.7042 
-0.456576 
7.35545 
12.6616 
3.29308 
19.9234 
2.44601 
3.2018 
3.98909 
-0.224264 
2.92051 
-1.73647 
-14.306 
-10.6564 
0.54917 
-4.42634 
1.73874 
1.76401 
22.5276 
-1.36501 
-0.808457 
2.39482 
7.3981 
5.83024 
-1.30247 
-5.10423 
16.961 
-4.01255 
3.30462 
-0.708357 
0.663958 
2.03172 
13.675 
4.91292 
-1.25454 
2.88993 
-0.318302 
-13.1717 
12.8956 
-0.0949218 
6.06803 
-1.09609 
-1.5029 
24.3966 
-1.68956 
1.55412 
-1.29759 
2.91564 
7.0863 
-2.79666 
2.14697 
4.59619 
3.79326 
7.4157 
0.775158 
3.59532 
3.03481 
-9.33235 
0.169708 
28.9051 
-1.20928 
-0.650695 
6.64613 
3.58728 
3.13291 
3.54265 
-2.00692 
-1.54955 
29.6956 
-1.93134 
1.14075 
-0.894222 
2.28237 
4.86526 
4.07807 
1.771 
-2.75082 
1.71338 
3.31795 
4.44236 
-0.468178 
-9.96292 
10.608 
-4.71163 
25.8486 
1.30676 
8.92151 
2.44156 
2.38002 
0.885362 
2.77396 
-3.40618 
-1.38771 
2.68678 
-1.6646 
6.01999 
-3.20018 
-7.42659 
4.39181 
4.70664 
-1.02188 
-1.36943 
-4.41094 
3.3116 
9.44303 
0.977957 
2.40841 
-13.2546 
-1.17004 
18.5481 
2.2864 
7.29356 
-1.1984 
1.09612 
28.7293 
-1.82292 
3.68 
6.13065 
22.8364 
19.4745 
21.5578 
1.65526 
5.70649 
1.22364 
0.0685387 
0.30592 
1.30862 
22.3342 
4.83743 
2.77308 
-2.17647 
1.46445 
-1.58581 
2.47112 
0.679899 
3.86819 
-4.79528 
0.753112 
-1.53159 
-19.1016 
0.412341 
2.19367 
6.0227 
3.06467 
6.32911 
2.54524 
13.6017 
0.698458 
-0.403741 
1.52821 
3.51518 
1.96173 
5.57793 
2.86474 
-1.88195 
-7.25082 
1.52453 
-2.24421 
-10.3606 
-2.02135 
3.39736 
-0.521546 
1.32258 
-19.231 
8.68984 
-13.2051 
-1.39379 
-0.92609 
8.30554 
8.17042 
0.56131 
16.6467 
6.40099 
1.81799 
0.516779 
1.98491 
1.76543 
-2.15885 
-1.12107 
2.01204 
0.128218 
21.0482 
4.11632 
7.53418 
1.99431 
9.57161 
1.34849 
11.5792 
-13.5526 
1.7622 
-0.201534 
0.759912 
-2.55045 
23.9132 
2.67155 
12.9222 
4.75749 
-10.5979 
-1.89718 
0.58781 
-2.46635 
1.68783 
13.3849 
21.2526 
12.9265 
16.6761 
3.78065 
-3.11823 
1.04936 
0.553031 
12.4001 
3.38508 
2.11838 
-3.76668 
6.25889 
12.725 
-0.402936 
4.8648 
-0.123906 
8.63389 
4.284 
6.01777 
-0.0174463 
0.647935 
1.06658 
-0.969973 
0.146379 
5.4827 
3.70695 
3.73984 
-0.471819 
-1.97266 
-1.46463 
0.070149 
1.39637 
2.20925 
3.65298 
1.98153 
24.2825 
-1.87765 
1.56041 
-14.6852 
7.0448 
2.09615 
-3.88868 
5.64466 
-3.20027 
3.94639 
2.82171 
3.95632 
0.523385 
4.42165 
1.13118 
-0.609638 
2.73762 
-1.6445 
11.9136 
-3.75565 
14.8051 
3.01963 
6.24861 
13.6297 
7.50642 
0.694731 
1.75919 
2.28036 
-0.899486 
-19.2797 
-18.4676 
23.5833 
-8.76219 
-1.48734 
0.0930528 
5.5552 
0.967237 
18.6888 
23.724 
-1.06215 
1.64523 
-1.00751 
0.231396 
3.46821 
6.97009 
9.50379 
1.38837 
5.07414 
-0.207323 
3.94501 
4.55549 
3.23055 
-1.55885 
-0.79044 
3.87191 
-12.0508 
4.2703 
4.77415 
-2.97005 
5.78756 
4.65471 
-2.07581 
-2.95539 
1.62702 
2.67553 
6.68703 
-6.91816 
-0.374624 
-1.273 
0.108025 
13.6998 
-2.83479 
-7.28527 
3.68935 
3.87673 
-3.50181 
1.97563 
11.9863 
-2.38751 
5.78727 
4.92265 
-0.786258 
1.18695 
0.711655 
-12.5432 
1.97244 
1.51918 
4.00727 
18.8144 
4.00743 
4.23523 
-5.01452 
5.78176 
-1.48122 
-2.1791 
0.679228 
-2.02978 
-0.274666 
0.114834 
4.91013 
20.7133 
1.23794 
2.48983 
-0.739772 
-0.0895457 
3.66198 
-1.03916 
26.6057 
9.0509 
5.15697 
-2.60293 
24.3761 
4.04895 
3.50066 
-6.0779 
-0.76291 
-1.03795 
0.951252 
4.83523 
2.70464 
2.41106 
10.0568 
-0.509098 
-3.48131 
11.9111 
-14.5958 
9.22468 
-11.9549 
-2.42879 
3.55266 
-4.15406 
-4.4434 
1.87815 
10.1264 
3.5278 
-0.700908 
-0.844105 
9.40732 
-0.201364 
6.84031 
7.175 
0.525617 
-2.01512 
-2.0281 
-13.6492 
4.15088 
5.83374 
9.27412 
3.14227 
18.8615 
5.55807 
-1.34015 
10.1864 
16.6787 
-6.16189 
2.87082 
13.3992 
0.576487 
2.41461 
0.774483 
0.300541 
2.29704 
0.40838 
5.77411 
-2.0091 
9.34484 
2.18303 
-2.57409 
14.2115 
2.90688 
-0.91462 
-0.505497 
3.56595 
2.81778 
-1.30886 
-3.17164 
-19.6786 
2.90081 
1.11461 
3.268 
7.15552 
12.1221 
1.50141 
11.4323 
0.0102007 
-6.59533 
9.91231 
-13.4477 
3.5655 
22.5559 
15.873 
3.31524 
-0.721601 
2.05324 
2.57729 
5.38986 
-3.03931 
10.1368 
10.9445 
28.0326 
-4.11097 
22.7688 
0.222957 
-5.71989 
-1.32054 
-1.0162 
5.76936 
10.1447 
2.86958 
6.39934 
1.02447 
5.81127 
-6.74694 
19.3994 
10.9258 
4.00142 
-0.486484 
8.33469 
3.53627 
12.0031 
-3.67716 
12.9604 
3.06263 
-1.78236 
3.64498 
2.95439 
-1.813 
8.72358 
-0.132288 
19.9749 
10.8496 
-3.81304 
7.77212 
-4.86242 
-13.7301 
-11.02 
-2.54382 
2.86112 
-2.40246 
5.71518 
3.34977 
2.31678 
-12.4289 
2.3904 
0.440027 
3.57058 
4.68174 
2.44949 
4.03305 
-1.50854 
0.762818 
1.87326 
8.34186 
-1.07881 
8.388 
-2.23179 
2.16136 
14.7169 
1.84091 
2.4618 
1.71006 
4.87719 
-0.991733 
-0.291773 
1.05245 
3.62078 
-12.1321 
7.51743 
7.8276 
4.89519 
1.76426 
2.6389 
-1.45728 
-1.68466 
29.5595 
1.13435 
2.74304 
1.88365 
-1.12932 
16.1998 
-2.80723 
24.9353 
-5.9576 
4.79414 
0.352643 
-2.47455 
4.42916 
3.49813 
-0.888744 
-3.20395 
-0.102116 
-5.99689 
11.1065 
0.609096 
6.09055 
1.93551 
-4.31415 
14.5308 
2.43284 
-3.61935 
0.899999 
1.95218 
1.32334 
2.30015 
7.21173 
-0.35646 
3.64879 
2.55053 
-1.94974 
11.0368 
3.52543 
3.61975 
2.09271 
7.66491 
27.3004 
13.9685 
4.08194 
22.3274 
4.2231 
-0.829545 
2.99179 
2.82069 
-0.766523 
0.510436 
5.52793 
1.43784 
-0.922489 
2.72497 
2.65382 
0.0203891 
1.06276 
14.9354 
1.09306 
13.1496 
-2.13068 
6.38395 
-1.27678 
-6.18261 
0.741831 
1.48685 
2.56721 
4.43305 
12.6908 
6.99429 
-0.945948 
4.07769 
-0.637188 
3.252 
4.39196 
1.46303 
0.736786 
1.68413 
3.9544 
7.04496 
-15.9545 
0.110165 
0.634494 
4.11409 
3.77523 
10.397 
3.61897 
16.1609 
2.5198 
6.05793 
1.00903 
5.06133 
0.197183 
1.8142 
0.262343 
-0.538447 
2.51589 
11 
3.06805 
1.89908 
3.57587 
3.2252 
9.52522 
-0.423962 
-2.9497 
0.329732 
8.76394 
-5.54214 
-6.61126 
4.1075 
7.14525 
3.03114 
1.8715 
2.32965 
-2.39656 
-0.2183 
18.8695 
6.61099 
5.89041 
26.9381 
7.64583 
-0.490637 
-19.432 
-4.67627 
2.83067 
-3.32325 
-0.245488 
0.260293 
-3.59316 
3.4407 
-1.12037 
-2.47468 
-1.67116 
-1.74085 
-3.01733 
-0.627495 
3.39505 
5.88716 
3.28285 
2.85618 
-1.56086 
-0.980302 
8.26175 
6.34004 
6.90198 
2.10646 
8.57646 
-0.709259 
7.98699 
-0.749732 
6.00892 
5.14676 
-0.000901933 
-1.25581 
1.29943 
24.3332 
2.12703 
-12.9911 
1.60755 
0.416352 
-18.4814 
5.33856 
1.85291 
3.51833 
12.8694 
-1.04156 
-0.418361 
-2.32283 
5.23068 
0.352522 
19.5345 
1.67851 
18.7765 
8.91828 
0.967722 
2.21254 
-2.40309 
2.90999 
-1.35421 
6.33989 
10.3626 
-1.76149 
-2.88019 
-14.0951 
0.562268 
-19.0883 
2.5666 
7.7395 
-0.465035 
4.28669 
6.39021 
0.677844 
1.49292 
3.9947 
2.63241 
6.00179 
0.618513 
1.11527 
-18.4928 
-0.207529 
-2.04093 
4.15614 
1.21287 
1.22966 
4.69618 
2.29287 
4.5788 
1.69618 
-3.77591 
5.33692 
-17.9568 
11.276 
-16.5711 
-1.30729 
2.30155 
4.95103 
-0.595093 
25.2047 
10.9564 
-2.58839 
6.00811 
8.42479 
-8.82674 
6.70695 
6.71961 
-0.085511 
-9.93186 
2.70839 
22.6593 
4.57844 
7.39793 
12.7462 
-3.25831 
0.288477 
18.941 
1.55468 
-3.73704 
1.20998 
-0.408204 
1.65379 
3.93523 
5.35863 
4.27285 
2.56783 
5.06966 
11.8086 
7.40499 
-1.94482 
2.92358 
1.7088 
-1.37051 
-0.301301 
-0.723099 
4.09068 
-7.09663 
-0.667423 
3.69805 
-0.115552 
4.77797 
0.291937 
12.1083 
-3.07331 
-2.80518 
0.747192 
15.5185 
0.96963 
2.47703 
5.80664 
18.4192 
-1.51894 
4.02276 
3.43643 
-0.725165 
0.621487 
10.8657 
0.124753 
-3.46 
13.774 
14.5071 
3.47834 
2.53277 
-2.6779 
4.3466 
21.3674 
2.72614 
2.66131 
-2.46062 
-1.80712 
4.05113 
-2.84006 
12.1631 
3.79392 
1.68834 
3.03009 
14.0897 
5.30349 
2.63173 
-4.40024 
-3.41909 
-1.47749 
18.6863 
13.767 
-4.6316 
0.342723 
0.0170376 
3.80912 
19.7055 
0.591927 
14.8266 
3.75505 
10.5731 
9.93466 
-12.6366 
2.05092 
22.3635 
3.78283 
1.57212 
-18.9558 
15.6408 
2.39629 
-0.0562168 
-1.24343 
1.59608 
-3.32077 
7.91614 
-5.04651 
0.464687 
-0.223412 
-2.23782 
4.92893 
0.940717 
4.22584 
5.64266 
-14.0591 
0.785159 
0.881343 
7.69949 
4.97755 
0.479336 
4.25952 
0.444703 
1.31475 
2.48908 
1.82514 
1.96707 
0.638506 
1.75536 
-6.14753 
-1.66692 
1.69103 
2.72654 
-3.0864 
2.65799 
5.45277 
-0.877706 
5.39142 
2.29494 
7.39569 
0.958117 
-5.58998 
2.66758 
-1.58465 
4.32504 
-14.7459 
-1.02814 
2.29806 
1.8247 
1.94225 
14.385 
11.287 
-0.621488 
-17.6355 
-2.36867 
4.6234 
-0.694603 
2.44269 
5.84028 
0.936057 
1.89133 
19.7098 
2.26043 
-1.08881 
2.21012 
-0.478571 
-1.63704 
-15.9684 
9.57076 
10.4342 
-3.7626 
4.08189 
3.60961 
5.30718 
-1.44376 
3.56354 
6.61602 
-9.88808 
1.81779 
27.5148 
2.30579 
-2.0441 
-0.205289 
0.640163 
0.8729 
4.815 
-1.49078 
-17.5573 
18.6734 
-1.42665 
2.21615 
0.983218 
0.914021 
11.3482 
2.28305 
10.6429 
1.42659 
2.46802 
-15.1845 
0.363871 
4.9741 
4.51374 
1.82119 
6.05778 
0.838985 
6.25523 
0.0863919 
-1.80983 
4.71639 
3.99892 
4.05243 
12.6038 
0.846001 
-19.6892 
-9.1011 
-2.92743 
1.78619 
12.5202 
2.72958 
0.724925 
-18.8865 
4.43519 
18.5561 
-1.12064 
16.8654 
1.35223 
4.51564 
0.263803 
9.50192 
-0.966163 
2.82899 
4.46611 
0.659557 
3.82285 
0.928516 
-4.21834 
-0.233587 
1.24298 
5.77399 
-1.53099 
1.91402 
-17.9247 
-2.4003 
-13.7953 
10.5039 
3.93723 
8.20592 
0.850725 
-1.59836 
5.39518 
-19.5619 
-14.6601 
5.26399 
-0.721653 
2.13127 
9.07358 
1.9253 
3.63545 
16.8583 
8.68215 
2.48685 
-1.68935 
26.9491 
4.68245 
2.64282 
-3.02957 
19.0153 
-4.26281 
11.6675 
16.2915 
-1.08535 
0.0595684 
4.16801 
1.30227 
0.989714 
-1.8173 
-10.8961 
6.35601 
26.5327 
-0.0566802 
5.63714 
6.95682 
16.4609 
-3.0296 
2.38156 
1.38625 
-7.10613 
-1.37757 
1.95289 
-13.2993 
8.05782 
18.2671 
-6.52558 
17.735 
6.52046 
17.2971 
1.70533 
7.31157 
4.90807 
-1.85677 
3.38062 
16.5735 
7.59469 
3.92939 
5.98981 
16.1328 
1.97823 
1.21382 
5.65521 
7.74426 
0.231572 
4.94175 
8.05383 
1.20786 
14.7632 
-0.0702473 
-2.44046 
1.69541 
8.18701 
1.95932 
3.00315 
10.4103 
13.7904 
-10.9806 
1.76316 
-0.144896 
-14.4571 
0.270843 
14.5977 
-1.07009 
3.03256 
4.16485 
-15.1565 
0.971661 
-1.49151 
-17.718 
6.65905 
2.25675 
0.00909178 
-10.0761 
11.91 
2.51568 
10.0606 
0.317819 
0.0969508 
-2.16754 
7.98109 
11.7707 
7.96175 
-0.697642 
-0.269944 
9.39857 
-1.76598 
-8.53277 
-0.00357863 
-1.34109 
9.3886 
-0.568059 
-1.30876 
3.72225 
29.2847 
1.65884 
1.40648 
-11.1 
16.8231 
28.5066 
8.6762 
1.20641 
1.35823 
0.362243 
0.613529 
-1.59716 
4.33847 
-7.11421 
-2.10282 
4.18571 
-0.271644 
15.536 
15.2983 
-0.316765 
10.6521 
1.00431 
7.85708 
-2.56777 
2.18846 
17.1007 
-3.20929 
10.4007 
0.43806 
2.8327 
1.11845 
2.85502 
7.76843 
6.15189 
2.79893 
-0.30378 
-0.887942 
-2.6101 
1.70345 
3.20319 
18.1959 
18.2025 
0.241509 
-2.70062 
3.23641 
3.2106 
-2.32885 
3.25213 
0.918859 
13.4187 
1.10843 
-1.88862 
7.10823 
2.10644 
15.9458 
2.20971 
2.24974 
0.190059 
-19.0654 
-3.66062 
26.7146 
3.591 
-1.79287 
4.67441 
2.92166 
8.36185 
-8.3423 
0.134602 
-0.984264 
-1.32892 
5.29566 
1.09918 
-5.71591 
3.43562 
9.00243 
-4.18499 
-17.3865 
-0.14786 
8.38156 
-1.12124 
3.17699 
-4.83536 
8.74003 
2.2012 
17.9709 
1.84685 
-1.21988 
-0.350383 
0.758215 
6.65223 
-16.4298 
12.7524 
-0.256364 
2.75263 
-2.3254 
11.0808 
-1.26497 
-1.82831 
4.96931 
7.17366 
0.127735 
-10.6972 
-1.73003 
1.56383 
6.45847 
1.5068 
-3.52455 
3.59421 
1.66358 
18.0606 
1.41845 
-1.63773 
0.132171 
4.04266 
-8.02416 
14.5918 
2.51966 
6.10817 
12.1444 
0.0268726 
3.45728 
4.0666 
9.3494 
-3.61575 
-2.66739 
4.29525 
2.82911 
1.26922 
3.04794 
12.595 
1.79311 
21.8961 
-1.56271 
3.52487 
-0.137714 
3.69683 
-1.10968 
-10.368 
0.683157 
2.76415 
3.02575 
1.12385 
-0.516841 
-15.6582 
-2.06589 
1.34829 
3.934 
15.3461 
2.30213 
1.73198 
0.631204 
4.40954 
-2.37534 
1.29791 
21.1566 
13.2625 
0.0523042 
-18.321 
3.86627 
2.216 
0.965487 
-0.927381 
12.4153 
1.68139 
1.68219 
0.773005 
3.86971 
0.972184 
1.64142 
3.85436 
-0.33637 
-0.486847 
-0.443065 
-4.10011 
4.93625 
-2.38424 
18.1685 
-0.821122 
-1.68206 
1.85 
2.06806 
16.3042 
4.84257 
2.81736 
0.804174 
2.41855 
12.0342 
2.84679 
10.5321 
-1.59178 
-1.03879 
-3.5032 
5.52766 
3.96975 
-1.28281 
2.17967 
-1.90358 
-7.71777 
-3.15015 
0.202606 
14.3661 
5.45017 
-1.82417 
4.94427 
-3.38489 
3.32335 
1.32375 
1.37679 
6.97814 
7.42556 
-2.30781 
-0.948432 
12.0172 
4.57509 
9.95158 
-0.632778 
-0.127592 
3.73851 
0.751475 
4.73898 
1.75415 
-0.222325 
0.956504 
-2.04231 
2.84656 
2.5652 
18.8418 
-9.1742 
-0.871756 
0.341845 
4.29302 
3.75708 
1.22218 
3.97575 
2.85217 
1.80699 
-13.5378 
8.00736 
1.71368 
3.07987 
3.27722 
4.45263 
5.71584 
3.83575 
5.38416 
11.7292 
2.06498 
4.96324 
-1.11764 
-0.420706 
-2.86094 
-2.64723 
-0.600478 
12.1639 
-3.17101 
6.43791 
0.485976 
13.5301 
14.1966 
0.403882 
29.9276 
12.3202 
-1.18492 
-16.4936 
-2.48905 
-0.0905851 
1.24331 
2.63912 
17.119 
3.92799 
1.66961 
4.53007 
0.314274 
-0.641585 
6.46415 
11.7072 
10.5892 
-2.79287 
6.50577 
-0.0138954 
0.806177 
-3.98076 
-2.06049 
21.0236 
1.57583 
5.05811 
6.77126 
9.45899 
10.7362 
0.989075 
5.57479 
2.1783 
0.207358 
7.58413 
-0.572721 
-0.895963 
11.2276 
0.108212 
-4.34101 
1.82254 
0.524341 
14.7077 
8.34261 
-12.1914 
1.87771 
6.27544 
6.6233 
-0.129911 
-0.746151 
23.2325 
3.54723 
5.78677 
4.10031 
1.38899 
1.6365 
-0.657585 
1.36716 
16.715 
0.995011 
1.90102 
-13.1156 
0.082632 
5.59667 
-3.46917 
1.03034 
5.39916 
2.95133 
-15.1324 
5.47881 
-3.20515 
1.75321 
18.8889 
-4.86476 
9.47411 
2.80807 
-0.48684 
8.99918 
9.39624 
1.84316 
8.03437 
3.48786 
-1.08269 
-2.30121 
1.90358 
0.774107 
3.45769 
2.20506 
3.12446 
10.3352 
-0.797446 
-1.99103 
1.8278 
-0.997817 
2.98173 
0.153982 
0.857736 
-19.8235 
5.42963 
5.09831 
2.56408 
3.51864 
0.751472 
15.2413 
-0.624117 
-1.25143 
18.4268 
3.30663 
1.48864 
2.40494 
2.23904 
5.18297 
2.06032 
0.673075 
0.614263 
17.5031 
0.270759 
5.44418 
5.38259 
-1.83408 
-18.2978 
5.04651 
1.94726 
4.01715 
0.876668 
-3.02455 
3.60847 
1.58954 
-2.95884 
11.1765 
4.32835 
1.0415 
-19.2981 
27.6063 
7.90986 
2.66308 
-2.05874 
0.175069 
0.509048 
3.00408 
1.06652 
-15.72 
-4.14392 
-1.74079 
0.910135 
2.22331 
-1.1881 
2.865 
7.07463 
5.11497 
1.54922 
4.13472 
1.89691 
3.51721 
1.23845 
21.7251 
16.7446 
-1.06384 
2.55675 
1.72511 
-13.6724 
-13.7611 
-0.732788 
-19.6053 
6.59554 
5.09276 
1.58452 
4.72899 
-11.5093 
-0.759733 
3.17584 
20.1302 
-2.18231 
-9.22471 
1.84725 
1.32328 
2.0871 
5.60859 
-0.114774 
-1.95527 
-2.34518 
-5.6783 
0.481619 
-2.57048 
-1.25885 
-8.38234 
1.43137 
1.13578 
-1.91493 
3.17621 
-0.808928 
-1.71954 
22.7951 
-1.0878 
10.7485 
5.43785 
1.34939 
8.70658 
-0.196312 
6.03451 
5.14487 
18.8675 
-15.4102 
-1.74285 
-0.602166 
0.793511 
3.18534 
-0.541062 
-4.40966 
7.02352 
1.08887 
-2.06982 
3.79314 
-6.10852 
-1.07505 
2.64933 
-3.38628 
-0.509912 
20.8275 
14.9483 
6.90113 
-0.627173 
0.845124 
9.80798 
-0.123056 
7.52445 
8.26278 
9.40962 
2.74503 
-17.3872 
-5.17479 
-1.33295 
-8.68926 
-1.27611 
10.5812 
2.43223 
11.7172 
27.7104 
20.6198 
-2.48503 
18.8645 
6.40357 
1.23077 
13.6911 
-1.44348 
1.94263 
0.320201 
-18.7658 
3.66077 
-8.99547 
-2.06028 
-0.294176 
7.17591 
-1.69246 
0.976919 
-3.03691 
10.7283 
-0.107339 
5.33755 
25.0898 
3.99736 
-10.8694 
0.384409 
-1.23759 
-1.85982 
2.79574 
2.25859 
-0.452742 
21.8435 
0.204014 
11.8321 
3.99258 
1.52443 
2.55994 
2.88952 
23.7051 
-1.09845 
0.695631 
9.64841 
5.30888 
2.7953 
17.2155 
9.49246 
1.93126 
-3.26287 
5.33299 
1.26637 
0.165399 
5.51701 
2.51714 
3.89156 
1.02005 
8.7528 
12.2393 
1.92815 
-3.18911 
7.26421 
3.23412 
-0.849999 
-2.44006 
3.32162 
-9.04898 
-1.11437 
4.39876 
6.59747 
4.99602 
12.6508 
19.4951 
3.34612 
3.8531 
2.42603 
5.96988 
-4.10777 
1.79564 
13.7217 
-1.27804 
-0.462725 
2.28275 
5.48329 
-19.6934 
-2.65038 
1.87469 
4.14814 
-0.516522 
-19.7785 
7.6378 
1.29852 
10.4567 
-1.3314 
4.3518 
-0.967166 
2.99514 
12.1205 
1.99188 
27.5046 
0.398276 
-2.24353 
-1.01687 
0.365214 
2.20726 
5.71889 
6.24765 
1.01666 
-11.1092 
-12.6025 
9.67575 
1.20751 
-5.46795 
9.16569 
2.46281 
14.4889 
0.888481 
1.99089 
-4.44364 
2.95863 
-1.52579 
3.06649 
2.20653 
-1.47427 
2.14223 
14.5768 
0.326711 
-16.7925 
-0.245124 
-2.57949 
8.93256 
-0.626271 
-0.948947 
-0.395791 
1.96623 
7.00577 
11.7123 
-12.0825 
4.45758 
11.1429 
3.2774 
-3.04961 
-1.09598 
-2.78322 
12.4404 
-0.545607 
-2.83899 
-0.179636 
-0.753697 
16.2242 
5.30553 
7.393 
-1.19671 
-2.4746 
2.90084 
-1.23618 
0.540122 
6.69619 
3.67973 
2.37642 
4.1275 
2.52154 
4.16029 
-18.7062 
1.569 
8.78121 
2.06279 
1.31453 
7.57476 
-0.872864 
3.82865 
3.97197 
-5.40194 
5.74055 
3.22762 
12.401 
3.7216 
6.88959 
0.906312 
-0.444262 
17.374 
2.67948 
10.5566 
1.2287 
-3.04958 
3.47381 
16.4734 
3.08039 
-1.74348 
9.26252 
-2.63516 
2.73359 
9.14536 
-5.06473 
-0.982489 
-4.23209 
8.9367 
4.86501 
-0.517686 
1.87367 
2.0057 
24.7745 
3.14191 
-0.0434635 
8.38171 
-8.43193 
-1.93342 
0.606957 
-1.57706 
-2.84489 
-2.95288 
3.43441 
2.58204 
5.54039 
-1.00716 
-17.4383 
-2.60104 
3.19422 
12.3864 
7.1576 
5.01737 
-4.51095 
10.9774 
1.71184 
7.98743 
6.38842 
0.602196 
-1.35846 
-13.7534 
20.2765 
-1.31424 
7.40011 
12.1871 
1.90416 
-5.04796 
0.378159 
1.8007 
9.8453 
1.50301 
-0.95322 
9.43074 
17.366 
0.2415 
-14.4254 
-0.0537819 
2.48795 
2.91098 
1.11716 
-5.19842 
1.6441 
3.17068 
11.9321 
7.19362 
3.91635 
0.0134786 
24.9996 
-1.51548 
-3.75369 
-2.77512 
2.21707 
-0.903699 
1.63344 
3.38902 
5.86692 
-0.137105 
1.06803 
12.3047 
-1.62739 
-2.2978 
1.20025 
-3.47472 
-15.3946 
14.6969 
9.7674 
1.17349 
5.72541 
4.83756 
5.53302 
9.99192 
-0.956182 
1.05321 
6.96822 
4.43419 
1.59307 
6.00308 
8.79105 
0.462242 
-2.02304 
-11.3628 
7.18991 
3.04211 
10.4869 
8.12922 
8.81305 
2.9712 
-2.04225 
-1.43919 
0.445575 
-0.454488 
1.67894 
12.6563 
5.8065 
2.63727 
-3.06238 
-0.0758488 
0.226349 
2.18848 
6.49767 
2.86862 
-1.93616 
5.66023 
29.4043 
-18.1148 
-1.36943 
5.5265 
1.51124 
1.74805 
3.87578 
4.31056 
-0.867284 
-16.6221 
4.4136 
-8.23828 
2.86669 
-12.8058 
-7.52365 
2.27835 
-0.796619 
5.03466 
-4.97664 
2.40733 
1.05799 
0.118268 
6.15887 
-6.74763 
-1.85229 
-1.52181 
10.6519 
1.01341 
4.37149 
2.49029 
19.2398 
-0.431966 
1.46445 
-2.542 
-0.264574 
2.85449 
3.4882 
3.13124 
1.87793 
-2.92817 
3.60452 
9.28073 
3.72731 
1.59491 
1.11601 
10.6259 
-9.09004 
-2.24478 
-0.235098 
-0.170022 
0.667363 
0.611512 
4.79734 
10.1156 
1.88924 
4.17595 
0.296203 
0.610023 
11.3361 
-4.25628 
6.56659 
-3.56448 
11.1733 
9.37864 
1.63734 
5.11824 
-4.19703 
0.507885 
16.3865 
0.379077 
0.187062 
7.42446 
5.1715 
-0.246775 
-4.87502 
22.0041 
-0.017172 
-5.11626 
0.383764 
14.9908 
3.22277 
0.298444 
3.82535 
-14.4672 
-0.721997 
5.99193 
-2.55749 
1.41556 
-1.15151 
6.71202 
2.17776 
7.88142 
-9.56084 
1.14558 
-2.99419 
-3.34773 
2.69908 
-5.44652 
-11.3397 
1.48415 
1.66286 
2.27237 
-8.48626 
4.41058 
4.00374 
21.0532 
-4.16829 
1.08993 
-0.389405 
3.1899 
-11.9583 
9.1636 
-0.200313 
3.93599 
-1.29966 
2.85999 
-3.08706 
12.0677 
0.0612001 
4.22119 
2.66453 
3.3331 
1.97519 
13.7587 
1.48394 
-3.77006 
4.4705 
2.26983 
-1.91045 
3.24969 
-1.86486 
0.890243 
-1.47683 
2.38801 
-2.58594 
-1.82426 
5.39001 
-3.12725 
23.3104 
9.82341 
0.638249 
1.2159 
2.73923 
-1.53809 
-15.5673 
8.37337 
-4.8461 
12.2398 
2.03096 
1.61347 
5.89083 
-10.9905 
-0.949621 
1.36549 
-11.9046 
4.0657 
-1.29573 
6.11605 
2.42424 
-2.17762 
2.44188 
2.24033 
-1.71487 
0.314299 
-0.961901 
-6.59082 
5.89452 
-3.24311 
3.90369 
-9.67554 
6.35551 
2.6487 
3.18649 
3.20612 
-5.82106 
-4.49166 
0.440318 
-6.09494 
0.30654 
3.61514 
7.27145 
1.62778 
1.18038 
8.0375 
3.18512 
0.41996 
7.50881 
-6.60761 
0.0352049 
-1.00251 
3.26833 
4.39011 
0.458706 
8.26226 
6.61389 
-4.03214 
-1.93866 
1.91906 
1.92579 
-2.86459 
5.69177 
13.9723 
-12.9689 
15.8821 
-0.912781 
1.29455 
-0.181248 
-1.38086 
3.24463 
3.99946 
9.07522 
-0.808507 
-6.4348 
13.5689 
12.4717 
4.87971 
0.344317 
-2.05223 
7.61795 
1.95013 
-7.41028 
-3.29387 
-1.18439 
0.873478 
0.0934661 
1.90453 
13.4588 
16.9044 
5.71655 
18.8765 
7.30511 
-4.71547 
1.83273 
0.801432 
0.218362 
2.64135 
5.4048 
1.38394 
-4.76309 
19.2872 
2.45692 
1.66898 
-4.51441 
3.8972 
4.86321 
8.92416 
-1.40046 
18.7628 
-8.22792 
20.2477 
10.9563 
3.0805 
7.29691 
-5.40488 
-0.80491 
2.94276 
-0.669555 
-0.82909 
4.97904 
1.88313 
-6.67206 
0.0486455 
5.03564 
3.27204 
0.0480109 
5.23615 
-19.3043 
-0.507474 
24.9197 
0.877908 
-2.35167 
-1.11372 
4.54157 
-0.694864 
-1.50485 
14.7634 
-2.80566 
-0.10136 
5.52223 
-9.88499 
3.84983 
3.50015 
-1.52932 
-6.9644 
-0.230644 
4.49288 
1.669 
5.41014 
1.5508 
-7.64605 
5.24823 
2.80949 
1.82135 
19.1973 
5.00447 
-7.54083 
0.454795 
3.21249 
9.93477 
-8.04772 
13.0071 
-3.18888 
0.300604 
-1.4464 
-1.66171 
2.47313 
-4.16122 
2.52594 
-5.3356 
1.71727 
4.74455 
2.46364 
3.18267 
-2.37116 
3.87553 
11.756 
-1.40611 
0.387486 
7.81908 
-0.566561 
8.75456 
-5.24412 
6.29362 
-1.22244 
-10.6963 
4.05783 
1.06265 
2.10529 
0.26823 
0.530477 
1.71049 
1.93046 
1.62742 
0.734442 
0.129229 
-0.815302 
-0.505905 
0.794257 
1.67785 
1.59005 
-10.6308 
0.594039 
13.4025 
3.60002 
0.536137 
2.74208 
3.67215 
2.26193 
2.98056 
-7.06373 
2.12797 
4.32707 
2.79278 
10.1982 
-1.48213 
-0.760115 
0.758344 
1.12638 
1.02075 
10.8921 
2.0747 
10.9868 
11.9822 
1.30741 
-1.74891 
-0.676671 
1.17597 
3.34658 
4.44219 
-1.10821 
-16.0154 
8.17448 
10.1081 
2.647 
4.31388 
-1.93501 
23.9401 
11.7766 
0.0686624 
6.06603 
-2.44272 
2.27406 
0.0524174 
-0.0237402 
-2.08481 
-3.97609 
-19.6656 
-2.50439 
1.95159 
-0.678425 
-15.2922 
1.09722 
-3.63386 
4.03472 
-14.9519 
1.01115 
-3.29552 
-2.23932 
4.69587 
13.426 
-19.5392 
7.37872 
8.66117 
5.94258 
-0.335319 
10.6337 
2.83746 
-4.17625 
15.3542 
-0.395818 
1.16085 
1.35763 
-1.35657 
17.6493 
2.67947 
-0.108134 
2.03705 
1.53018 
-6.98401 
7.08078 
0.136922 
0.681466 
8.75525 
4.02141 
9.29774 
2.15879 
14.5621 
4.71999 
13.5844 
0.453414 
0.588018 
-4.31282 
0.334075 
6.03997 
13.6481 
-4.19626 
10.5741 
-0.42905 
-2.95533 
3.90891 
3.63244 
-0.397233 
5.39497 
4.00954 
2.84354 
-3.66956 
3.27557 
2.69646 
-6.25526 
27.3514 
0.485937 
-2.2331 
2.79608 
-18.1268 
10.2983 
-1.01772 
2.01148 
3.47591 
-12.885 
2.78006 
5.52029 
1.00319 
3.3229 
2.19296 
-2.03513 
16.7596 
1.04178 
-3.61006 
0.716022 
-0.493098 
18.2866 
-3.17853 
2.623 
7.45481 
5.04931 
1.72052 
2.22317 
-0.180613 
1.40087 
-0.422892 
-0.250048 
16.9063 
16.7456 
4.88173 
2.65794 
0.536502 
-2.55046 
-0.665444 
2.65087 
-7.82508 
3.58807 
4.51225 
1.02449 
14.2833 
0.775134 
-6.84865 
5.81434 
9.20112 
1.48703 
15.8013 
0.738352 
2.83498 
4.61643 
3.82172 
3.83755 
-2.39874 
23.349 
0.632953 
5.03597 
8.09194 
2.02096 
11.8151 
2.5139 
4.07957 
-0.495347 
12.9802 
0.735794 
-0.739543 
3.23089 
-17.1276 
3.30616 
6.28218 
-0.0948105 
-0.495064 
11.6432 
-1.15257 
4.07598 
-7.6532 
-4.27842 
4.29669 
-6.12982 
0.544584 
3.93886 
12.9781 
6.74218 
-8.81081 
-11.896 
-0.452712 
7.28633 
4.05167 
5.86123 
1.09838 
1.43224 
6.39622 
2.3125 
3.02984 
-15.7847 
24.3 
-4.00838 
-1.30025 
0.0155081 
14.216 
1.77546 
5.03256 
10.8714 
2.70479 
-2.96703 
-4.01872 
5.54876 
7.99507 
23.4747 
3.81863 
6.47254 
0.748283 
8.46676 
0.328451 
0.636002 
14.8525 
13.635 
3.71653 
4.42405 
4.16395 
4.72954 
2.30855 
3.84344 
7.66459 
-1.26578 
1.01143 
-1.31575 
-2.70994 
6.61427 
0.831726 
4.61047 
0.843528 
-0.602768 
-1.24662 
-4.25525 
1.55209 
2.25164 
1.7052 
2.22444 
2.86106 
6.30681 
-1.49461 
-4.77409 
-1.37246 
-0.0717554 
-0.150159 
-4.95323 
-11.8663 
-1.67774 
-0.106219 
7.53753 
3.69607 
1.77388 
3.18369 
0.125774 
5.55607 
-1.85871 
-0.443204 
0.402272 
0.518711 
-0.809587 
11.705 
0.142627 
5.01106 
-2.07379 
0.997864 
0.784655 
3.72325 
0.281227 
3.13562 
-14.4056 
0.362017 
-3.11016 
4.3654 
-4.4624 
23.256 
6.7845 
-0.998608 
3.24255 
3.78981 
5.90681 
-2.232 
3.66687 
12.9293 
0.77925 
1.70685 
4.18887 
4.93886 
1.76507 
2.72542 
1.86101 
-7.71297 
1.6212 
1.02246 
2.35368 
-15.8146 
5.22838 
1.17189 
3.98357 
-11.6976 
2.05163 
2.28856 
3.03428 
4.90371 
-3.4029 
-0.288434 
-17.7005 
15.5601 
1.19544 
-0.118882 
-1.01751 
-2.05406 
15.8495 
1.77834 
15.8349 
0.566428 
-1.66797 
10.4048 
-0.768371 
12.7262 
2.83212 
5.79473 
1.26927 
6.8952 
17.649 
-1.12095 
14.4799 
0.49394 
-4.04858 
-2.36747 
-0.68708 
23.2657 
1.29258 
-0.297148 
2.48763 
2.74916 
5.64511 
23.8528 
-19.3251 
-0.531334 
8.42871 
-2.1324 
-3.5937 
-0.07426 
2.15616 
1.55503 
0.685523 
2.04446 
8.65347 
2.98493 
-1.61319 
-2.00018 
1.7242 
2.91199 
2.79236 
5.82109 
-14.0255 
-2.05528 
-8.66888 
26.913 
-1.14152 
2.21771 
6.33798 
2.56905 
9.3541 
11.3952 
-3.14919 
1.81245 
16.3112 
1.41052 
-0.729344 
4.20428 
2.25148 
1.70709 
16.3619 
-0.0248399 
0.327028 
3.20608 
2.91381 
2.59025 
0.813777 
18.1987 
8.44694 
-0.218286 
-0.273662 
2.57165 
-12.675 
-1.93665 
-9.95376 
2.4983 
14.9171 
15.3614 
-0.911367 
4.67352 
0.875709 
-4.19148 
0.359313 
8.60663 
0.452359 
10.3243 
2.10264 
-1.03812 
19.0496 
2.41207 
-0.274182 
-13.4483 
1.0048 
24.6514 
3.86464 
5.11439 
2.19505 
2.39005 
4.81298 
1.76153 
5.2889 
1.55163 
1.66107 
-2.25806 
-1.96145 
4.24227 
-1.57861 
4.71699 
-1.13558 
17.4133 
-0.805207 
3.02737 
7.7544 
17.8228 
3.95308 
-0.971335 
13.9259 
1.78201 
25.8713 
28.8188 
2.32682 
-4.70465 
-0.840931 
2.96356 
-1.98398 
3.68984 
-1.51873 
-0.181271 
1.22906 
-2.32721 
3.89659 
4.72469 
-8.89523 
2.44218 
-1.58933 
5.02834 
1.57335 
0.950017 
0.459756 
6.98661 
0.538233 
20.3797 
-1.59919 
-1.61874 
1.90897 
26.604 
-0.572357 
-0.927145 
-11.6121 
-18.5509 
1.47365 
-0.79857 
7.84395 
7.4932 
2.94811 
9.90341 
2.72984 
25.2122 
-10.4948 
-0.182805 
-2.39918 
25.3808 
22.3955 
3.21693 
-1.90456 
8.86819 
-0.192197 
1.63175 
23.8693 
17.8705 
28.3417 
-0.746053 
-2.62084 
-2.50187 
-2.36583 
11.5941 
7.99317 
-15.4269 
5.10863 
1.33173 
8.33196 
0.390013 
3.4524 
11.6772 
5.76269 
-10.0385 
8.34939 
15.4121 
-4.06227 
3.4211 
5.49682 
-0.79139 
2.97389 
5.6334 
2.03678 
11.5118 
3.0748 
2.72347 
5.32786 
0.204889 
7.76573 
-19.2903 
-1.1187 
-3.34316 
1.39646 
0.948984 
-8.09419 
-1.84733 
-14.0616 
4.83624 
4.74353 
-2.40362 
12.8263 
-0.317846 
11.4866 
-13.5623 
8.18832 
-0.842997 
5.40221 
-0.140763 
8.8635 
-3.19204 
3.2726 
-0.529705 
2.28244 
-0.595837 
6.73909 
0.306467 
3.99188 
9.59578 
12.1187 
11.7581 
1.32481 
1.96637 
2.34611 
4.29509 
11.8574 
18.5221 
2.43125 
0.66011 
1.20399 
-14.0001 
4.59214 
9.53929 
0.934689 
11.0599 
0.423723 
-8.09471 
-9.47569 
-2.35968 
0.388391 
-2.15877 
2.76099 
-0.0482802 
0.810207 
-0.0288525 
-5.2433 
2.80954 
22.4132 
2.00432 
-1.81117 
1.45618 
5.62972 
-0.641501 
10.9354 
4.8803 
-4.00471 
-1.34672 
3.31818 
1.10997 
-19.462 
10.0594 
-0.891034 
2.5723 
13.8131 
2.57652 
-3.2434 
2.06971 
0.951658 
2.37065 
0.71217 
-0.0910609 
7.34336 
-8.11042 
0.705257 
16.9277 
2.62148 
7.74844 
0.216335 
2.40822 
0.545351 
-14.6915 
8.98246 
23.8009 
10.3878 
11.3904 
1.47077 
0.800687 
6.84103 
-1.73172 
-0.221232 
15.7649 
8.70516 
2.46493 
8.48924 
-12.7114 
9.57119 
-0.141998 
4.62602 
7.34392 
2.51524 
3.85473 
-0.410021 
4.43137 
14.6726 
0.490369 
24.3128 
0.188335 
0.489534 
2.52481 
3.88838 
-0.56014 
-2.80642 
11.9042 
1.65095 
4.31167 
11.2065 
6.35481 
2.00553 
5.27683 
1.85371 
-7.04388 
3.34601 
-3.04755 
23.1554 
4.1527 
-3.94781 
6.76732 
3.35357 
1.70672 
-2.4246 
3.92176 
-0.808401 
-15.2221 
22.2368 
3.64928 
2.94068 
0.592466 
5.13639 
2.54685 
3.37303 
7.83274 
0.158917 
5.61457 
-10.7003 
1.75249 
17.2727 
5.94368 
0.208129 
1.5601 
0.833336 
1.11563 
0.775077 
0.854859 
1.1764 
18.9073 
-1.50357 
0.59775 
-2.27153 
0.417043 
8.67588 
1.2791 
7.46805 
0.602392 
-19.0788 
2.77217 
22.2237 
1.55854 
-4.46651 
20.051 
8.1105 
3.26505 
-1.50618 
6.48193 
-0.63805 
7.86062 
-2.30751 
6.05951 
-0.0504101 
-10.6152 
5.32678 
14.2011 
2.70142 
3.7767 
4.81187 
1.58537 
2.2413 
12.1769 
0.326383 
0.823773 
9.91775 
6.68135 
-2.88495 
6.67711 
-9.81233 
-3.38983 
-2.94769 
3.42203 
3.37135 
3.52159 
10.4783 
-1.16026 
2.81149 
-3.82648 
2.56947 
-9.02389 
6.85568 
-1.2452 
0.794943 
-3.32843 
4.1336 
12.6615 
-19.329 
5.02878 
-5.24047 
6.94027 
6.85697 
0.0313638 
0.886315 
7.63737 
5.72044 
1.84813 
9.37145 
1.27315 
-19.2128 
1.06445 
1.79891 
-0.943723 
-10.747 
-19.5879 
9.31302 
0.844197 
-1.46783 
1.61229 
4.26787 
4.33547 
4.9065 
8.73137 
0.223089 
-0.70713 
7.11723 
-2.69034 
-2.99652 
12.9694 
3.08244 
-0.747435 
0.507025 
2.1579 
-0.598789 
3.98318 
0.0343318 
0.752509 
-1.46463 
-10.2048 
-6.08929 
5.75047 
0.476706 
-0.0160394 
-1.56999 
4.85486 
15.3792 
0.54831 
-0.957309 
-1.40611 
-3.56856 
-1.24988 
29.3985 
0.7913 
-1.51999 
4.62744 
-3.86488 
13.2259 
0.511006 
-2.64667 
0.335718 
-4.99432 
3.91341 
0.2837 
1.05392 
5.50914 
-10.205 
20.2607 
0.0366302 
-6.55588 
-2.59475 
12.9732 
2.26416 
25.066 
5.15595 
7.30293 
2.18562 
-4.78048 
2.80209 
1.39845 
-0.0403465 
0.0942861 
13.6637 
15.4198 
-1.1559 
-2.10305 
18.818 
5.31766 
0.805737 
-1.37295 
-2.74825 
-3.44172 
18.3226 
1.28303 
9.5647 
17.0457 
0.803882 
-0.118975 
8.713 
2.35499 
4.06621 
25.7585 
-0.236241 
-1.3067 
-0.11916 
-7.16077 
3.94274 
-7.54929 
-0.0120181 
11.1688 
-6.99854 
21.5406 
3.9895 
0.773345 
4.3883 
15.4962 
0.0461588 
-0.102381 
3.49619 
7.82655 
0.964691 
-1.13413 
-0.126606 
3.79914 
4.34598 
4.86483 
-1.65358 
3.52081 
-2.16577 
-2.02576 
-7.36572 
10.1267 
1.81719 
6.48651 
-19.3403 
6.06958 
23.3348 
10.4417 
0.99052 
0.559579 
3.73193 
17.6737 
1.0321 
6.65683 
5.32486 
2.42434 
8.28597 
11.5045 
7.36702 
1.74971 
-4.02991 
0.594306 
3.68034 
-0.698773 
0.670563 
1.02912 
-4.55335 
11.8364 
7.68107 
-18.8164 
-2.48526 
3.08472 
2.87372 
2.02038 
0.531616 
2.42367 
4.55628 
4.37511 
4.88644 
9.51228 
11.6633 
1.42749 
3.06415 
28.6851 
-2.17784 
0.214097 
-0.106747 
0.753602 
1.60027 
-0.679961 
-8.00344 
5.62576 
-3.75696 
28.1389 
3.13493 
-6.91164 
-16.0886 
14.1542 
22.6589 
-2.07544 
2.21977 
12.2497 
1.43226 
-19.8075 
2.90601 
0.188063 
2.46838 
-4.11697 
-8.76973 
4.83401 
0.287162 
2.98136 
-3.31946 
-0.844631 
24.0484 
3.78433 
5.46395 
0.112569 
-1.95714 
2.07524 
2.42089 
2.88348 
2.59711 
7.20946 
4.18961 
0.788201 
-17.6265 
2.57932 
-1.89508 
3.58728 
7.05521 
0.0881333 
-3.36577 
1.11298 
-8.78892 
2.88837 
2.9575 
0.414032 
1.65408 
9.6346 
12.1703 
4.63376 
1.09489 
-1.40265 
7.51479 
4.63864 
-0.21251 
0.29792 
26.6214 
-6.43829 
4.47106 
10.4687 
7.59768 
-5.2537 
3.79687 
1.46244 
2.34241 
11.9577 
5.76833 
1.46069 
2.79554 
0.406415 
11.752 
13.1521 
-1.76634 
-1.44863 
13.6431 
-1.71008 
11.6623 
1.35261 
-1.48413 
19.2367 
-1.76799 
3.1355 
1.73986 
-5.13423 
-2.63223 
-15.22 
-2.65701 
-3.32592 
0.474711 
13.0543 
7.22762 
-0.138908 
-7.05403 
12.319 
4.16199 
-4.9833 
0.726731 
1.92789 
4.40176 
3.34502 
3.52613 
2.57495 
-3.34549 
-7.92259 
-0.355575 
-1.83046 
6.65864 
-8.21185 
24.4981 
2.1044 
3.87246 
-8.2119 
15.4503 
4.14755 
4.14007 
0.348293 
5.3809 
2.67195 
-2.13671 
3.50786 
7.7587 
3.14193 
6.78695 
-2.69414 
3.71773 
24.911 
5.96887 
-14.1901 
-2.3258 
16.4727 
3.21998 
-14.1372 
1.75319 
9.23088 
1.81109 
1.71733 
-1.8754 
0.696369 
1.4365 
2.07918 
-3.39216 
14.3642 
1.50839 
-16.981 
6.60903 
4.6724 
2.83306 
1.2156 
3.66138 
-2.61483 
-1.46748 
1.34815 
1.77784 
18.3547 
-1.45877 
8.38936 
0.981967 
1.35613 
8.52758 
-1.28999 
2.51539 
-1.14084 
5.98992 
6.53317 
-1.12107 
2.65195 
27.8343 
1.13171 
7.96864 
0.104042 
-1.31307 
-16.2279 
2.49868 
-1.39539 
6.64414 
0.901935 
-0.267045 
-3.03816 
-0.297282 
1.45895 
-15.6967 
-5.15592 
8.4596 
10.2258 
8.0747 
0.77028 
5.47153 
9.98088 
-0.530917 
1.57984 
-4.32406 
0.644125 
2.48979 
-3.35586 
-0.97269 
-5.66668 
-2.90939 
-2.36244 
2.90001 
1.32535 
2.68635 
3.43951 
3.87665 
4.38689 
10.5963 
-3.41761 
-2.77292 
-1.60503 
11.4005 
-16.5071 
0.514452 
-3.28093 
1.30596 
2.00395 
-2.10028 
-2.2509 
0.0406832 
1.47336 
16.4724 
2.0017 
6.24081 
-2.34981 
-0.353589 
-0.710141 
-4.20795 
7.76279 
-12.4795 
14.1518 
2.42436 
-18.2093 
7.96264 
4.4428 
2.49365 
6.07113 
2.55887 
11.1202 
2.72013 
1.42369 
2.43507 
0.0240242 
18.7786 
7.09735 
8.27371 
-0.445907 
-0.929943 
12.3449 
1.14342 
-5.18166 
-0.548655 
4.5191 
-10.3694 
2.34436 
-3.0328 
-0.121157 
2.11699 
-1.64955 
1.79629 
4.30482 
1.19834 
9.42894 
27.8927 
15.4028 
8.80401 
2.801 
0.871028 
0.241447 
9.95437 
2.591 
9.80972 
7.00314 
6.23181 
7.23307 
2.86464 
2.98794 
21.3184 
3.26071 
3.71401 
0.54881 
5.76841 
4.95163 
6.9719 
2.25639 
5.20387 
-7.3301 
1.9533 
6.13928 
12.7005 
0.990646 
7.26478 
4.28795 
-16.5623 
0.055079 
11.8864 
-3.35739 
3.44539 
4.86208 
3.17389 
2.54376 
6.42406 
-1.4157 
6.95125 
17.0578 
-2.7484 
-0.432495 
1.32916 
-2.57627 
1.6449 
4.5167 
2.38276 
-1.16126 
-0.744879 
-3.27424 
2.76954 
3.93013 
1.82957 
0.329579 
2.4978 
-10.5886 
-0.207854 
1.49379 
18.073 
-3.8687 
-9.73501 
9.8693 
1.9326 
-9.07414 
1.21361 
6.16861 
-0.330146 
0.0299663 
1.8888 
2.76046 
20.2037 
-0.882533 
-15.1968 
1.00902 
-2.81336 
4.60671 
6.88215 
-0.559582 
-3.3031 
7.80783 
11.2819 
3.82813 
11.6855 
1.26657 
1.63199 
16.2575 
-3.3499 
-2.13673 
1.48131 
5.80425 
-0.947228 
-1.44404 
0.183065 
0.792482 
0.124791 
5.58516 
2.15333 
3.72384 
-9.2893 
-4.735 
2.23137 
-2.69198 
0.225381 
12.3944 
1.86055 
2.96904 
-0.360851 
4.59128 
1.43808 
-1.74061 
2.68534 
-3.80927 
-0.376701 
2.55238 
3.47662 
6.67699 
-1.48599 
15.4905 
3.37148 
5.65196 
0.527012 
9.33428 
-3.88374 
-0.00874703 
1.62992 
0.878117 
1.45951 
-10.4108 
2.55227 
-0.327747 
14.8566 
-2.38728 
-3.87536 
-16.6005 
0.876621 
8.61776 
2.32381 
1.95997 
-0.689754 
3.31579 
-1.91146 
3.83783 
3.13285 
8.64326 
5.10631 
2.5973 
6.82232 
2.30572 
4.92497 
1.49649 
19.8518 
0.615851 
3.92332 
1.74055 
2.04102 
1.49623 
8.53084 
6.40088 
-1.89502 
9.0523 
-0.123097 
2.2504 
0.307152 
3.01331 
-11.6783 
13.389 
-0.794532 
25.0525 
-2.77334 
0.937451 
12.9693 
0.279899 
-2.671 
2.681 
-16.6241 
6.49472 
4.20206 
0.80279 
26.3543 
2.64418 
-7.68865 
28.6589 
-3.00884 
1.17184 
-1.77719 
-0.128237 
-8.52701 
2.34437 
21.0652 
6.30615 
2.18514 
6.21231 
3.2654 
5.91806 
5.94602 
-3.45524 
2.64165 
3.21167 
1.84047 
-4.15175 
-0.400792 
-1.20495 
0.886463 
11.6008 
1.89298 
-17.2343 
6.64767 
5.46215 
10.9185 
1.4169 
6.7326 
1.41231 
-3.63775 
5.23454 
10.348 
-6.97673 
-0.801514 
-1.43391 
21.6919 
0.28734 
8.20801 
1.70846 
5.82219 
3.83241 
-0.0624256 
0.979247 
2.20009 
4.34002 
7.26659 
0.131027 
3.70628 
0.12742 
2.02664 
-7.17003 
2.54301 
2.82522 
23.2352 
1.01225 
2.97606 
2.0152 
4.99858 
-14.9469 
1.80844 
9.86161 
9.41033 
-1.33193 
4.45814 
13.805 
0.149672 
0.257143 
1.4834 
-2.82865 
10.3234 
1.11057 
-18.5061 
18.5852 
2.99833 
1.07974 
-10.1672 
-0.121419 
22.3914 
6.71529 
-16.1241 
3.19345 
-0.608856 
4.90697 
0.509 
0.0815332 
-4.22508 
5.32073 
0.376419 
2.31403 
2.32038 
-9.76573 
8.20029 
13.8092 
-2.64443 
2.43885 
10.9696 
0.083766 
-0.553279 
6.95434 
-1.05387 
-0.950415 
0.316002 
19.7466 
3.52792 
-0.85783 
-2.8122 
0.803689 
3.95966 
-0.0719407 
5.23786 
2.28687 
-1.33663 
9.5101 
-0.956773 
3.16321 
-1.19843 
8.11086 
1.70148 
-10.4456 
-2.4247 
0.861523 
-1.30301 
4.4765 
3.52158 
-2.22335 
-4.04275 
-3.79069 
6.38342 
-0.970745 
-3.5533 
2.35202 
3.50976 
5.64538 
0.438947 
20.8556 
0.587825 
-0.84218 
13.2722 
-1.7091 
-18.1894 
-9.62014 
11.6029 
-3.73208 
5.65308 
-1.51385 
-3.41574 
2.44483 
3.67472 
2.14171 
-2.41775 
-8.06226 
-15.4324 
-3.86194 
1.6098 
8.22797 
8.78621 
-1.46524 
4.50842 
4.05085 
-0.980818 
2.66387 
0.621327 
-11.5601 
19.2044 
5.06584 
8.51328 
-7.34013 
1.5323 
3.27231 
0.788988 
0.571752 
1.61815 
4.20661 
3.92716 
3.56785 
4.55158 
2.34778 
19.8205 
0.698143 
-0.260723 
12.302 
-1.22991 
2.56225 
11.1267 
4.83639 
-2.98025 
-10.2957 
-5.92979 
3.67969 
-1.94482 
4.76893 
15.8937 
4.63788 
3.52836 
-0.358615 
-1.05524 
-4.12754 
4.13111 
4.0537 
4.84947 
1.27747 
3.22071 
-2.8031 
13.9086 
3.41818 
3.52158 
18.6102 
1.98024 
6.80526 
-13.6016 
-0.777522 
27.5504 
-0.655145 
-2.58156 
13.8978 
25.499 
4.46004 
-1.27816 
0.823124 
-1.65209 
-1.5867 
2.09681 
-11.534 
2.91764 
-1.62314 
0.119882 
-10.6346 
3.18708 
2.77386 
-1.35703 
-5.18227 
-1.16152 
-0.194185 
-6.06667 
0.0904475 
-0.557303 
11.8472 
3.20613 
3.34399 
-2.32288 
-2.8125 
-1.30536 
-5.90261 
-15.8798 
-2.3009 
5.51506 
8.22792 
3.30393 
19.1348 
7.13561 
14.6632 
1.67722 
-2.59399 
2.51156 
-6.99841 
0.858938 
-0.810166 
13.8579 
-5.39981 
10.9622 
23.7749 
-1.7379 
5.0978 
1.68287 
-0.961962 
-3.55428 
12.848 
1.12611 
-2.54162 
7.66774 
0.212394 
4.3156 
4.56114 
4.71004 
18.0086 
7.54645 
3.75262 
0.718735 
-12.9136 
0.58027 
-4.7173 
-7.9312 
5.44205 
-6.74383 
4.84861 
3.27302 
7.3064 
3.33209 
2.10334 
-0.308943 
-12.1087 
16.496 
-13.1575 
-1.00115 
-0.709315 
4.91289 
-1.40463 
0.825832 
17.0851 
-3.99111 
6.17977 
4.31626 
-3.25218 
3.23801 
-2.164 
-2.64783 
6.07073 
23.0216 
5.75392 
2.02211 
-5.80776 
26.3984 
1.60325 
6.73211 
-2.53685 
1.60303 
-1.43831 
-0.61766 
2.2779 
-1.55756 
2.6566 
2.58869 
-2.17998 
3.47546 
-3.32857 
-4.09242 
4.9959 
4.83864 
2.33469 
-15.5029 
-2.49237 
27.8312 
1.75874 
3.98028 
16.6923 
3.12054 
4.00603 
3.38596 
-2.9107 
2.22286 
1.38621 
4.14785 
5.61092 
2.18139 
7.60828 
3.69666 
-2.78857 
3.15124 
8.12576 
10.013 
9.88685 
-3.1858 
2.17462 
11.0854 
11.2909 
0.804377 
-3.7398 
15.5104 
11.1381 
0.330884 
2.3671 
-16.1119 
0.164851 
3.10113 
3.02103 
4.88697 
4.54819 
8.46044 
-1.40294 
0.868885 
24.4241 
3.69788 
0.241819 
1.33031 
3.50623 
-2.9643 
14.8539 
0.120919 
5.87047 
-10.0353 
-7.84665 
-0.846262 
0.496968 
9.04831 
-2.16797 
7.90144 
-0.0917926 
-2.09586 
13.0902 
0.396529 
-18.3074 
-7.8432 
16.7514 
8.67549 
7.11046 
0.938448 
-1.61623 
10.6045 
2.40421 
2.9643 
5.14534 
-1.46466 
1.08041 
1.4536 
4.65593 
1.82459 
14.1507 
-2.86499 
3.88878 
-8.14932 
1.38482 
-4.45699 
-3.66491 
8.29617 
14.6463 
18.3932 
-8.36259 
3.9113 
0.213946 
-2.52169 
-7.75497 
-19.1479 
7.01449 
-4.13952 
23.9145 
28.7082 
0.578734 
6.66391 
0.291218 
1.30527 
3.48711 
9.92032 
-15.7252 
0.173677 
2.32619 
-6.05047 
2.47765 
-6.80563 
7.01631 
7.39334 
13.3375 
5.32055 
-1.6038 
8.60822 
1.53623 
-9.05003 
8.70476 
-0.584516 
1.09425 
-12.6577 
0.847336 
4.94734 
5.38953 
-13.4158 
0.744383 
-0.727701 
3.64654 
22.3278 
-1.0358 
2.42307 
4.25258 
3.76744 
10.6002 
4.00215 
4.64083 
-3.14079 
-1.44445 
5.2001 
0.652868 
-0.00724829 
0.51217 
6.02939 
1.86897 
0.405813 
4.94035 
0.901937 
0.0384717 
2.69962 
0.631501 
6.15454 
1.75409 
-2.65626 
7.66451 
5.8798 
10.691 
1.7901 
1.56494 
5.90025 
18.9907 
2.03245 
3.56972 
2.85388 
2.94983 
2.35051 
1.3686 
-2.3477 
-19.1901 
-12.7067 
-3.32346 
13.9274 
3.15558 
-6.8116 
-0.594028 
0.352548 
15.5771 
-13.8574 
12.3951 
-8.65678 
0.286028 
-7.46677 
-4.96365 
-7.17544 
1.58379 
-1.61132 
-14.2159 
-1.08296 
-2.02966 
-0.374636 
-9.1114 
-0.633518 
2.61006 
3.86171 
3.97906 
-2.43066 
2.86475 
-0.64618 
-1.55907 
5.97092 
1.02597 
-3.19505 
19.5156 
8.31771 
6.15013 
20.3187 
21.2678 
16.8278 
8.04116 
2.69459 
-1.15473 
0.707717 
2.68677 
-10.8486 
1.40933 
6.26227 
-1.0633 
2.63084 
9.65831 
3.2514 
7.2302 
13.7247 
3.63957 
4.11028 
-15.0187 
-0.230964 
1.17526 
15.4434 
2.16929 
5.12474 
9.03277 
1.08234 
-3.24355 
5.48777 
10.2403 
13.605 
-3.73018 
3.83314 
3.39165 
4.58661 
-18.4759 
5.22152 
-4.13354 
3.27414 
14.7903 
2.09975 
-19.3717 
-1.79207 
0.784687 
3.02207 
-0.745402 
2.13104 
6.61185 
-8.35292 
4.48226 
0.65104 
-3.90077 
0.913087 
5.62963 
4.26377 
0.534155 
2.14467 
2.22983 
0.178477 
18.7018 
-1.13371 
0.536736 
1.41971 
4.67168 
1.95657 
2.06515 
-10.2879 
0.286294 
4.6618 
-1.71388 
2.92338 
3.09288 
3.34843 
-1.9769 
3.8936 
-11.8688 
1.12858 
-0.48757 
-2.12592 
4.02195 
-9.96067 
2.95265 
-0.283609 
-2.19178 
9.29036 
4.28259 
-1.24821 
4.15515 
-0.861428 
2.59308 
0.888961 
1.63601 
-13.1052 
-5.01629 
6.13218 
1.07595 
15.0487 
2.28459 
14.1297 
-8.13728 
-5.09789 
4.15841 
5.84307 
-0.421575 
17.1575 
2.26047 
4.93431 
0.447935 
0.516242 
16.2336 
3.28406 
-1.91328 
0.797844 
0.392741 
2.9561 
16.328 
0.153648 
-0.819051 
3.54694 
7.67733 
29.3369 
5.22119 
15.6713 
17.2621 
3.55675 
7.95179 
6.03273 
-0.192335 
0.714237 
-0.614943 
7.03937 
8.64601 
-0.544487 
0.170863 
2.26172 
0.167867 
-0.989478 
0.144664 
4.10283 
-0.0576371 
1.66677 
-1.63619 
1.7448 
-2.18302 
0.0442278 
-0.689784 
5.99571 
11.2504 
1.5394 
9.05869 
1.59007 
0.899609 
-0.630176 
6.62203 
7.27046 
2.2047 
-1.0364 
-1.82344 
0.882586 
1.65757 
2.47325 
-1.91046 
-13.0099 
5.40005 
2.18725 
-0.429428 
0.370044 
4.39134 
3.26178 
11.2552 
1.85802 
-0.720284 
6.11689 
-18.3698 
9.09075 
11.6984 
11.6907 
6.23612 
-1.19511 
-8.63212 
0.484211 
-1.93234 
-1.58117 
-1.61579 
2.36564 
1.27245 
2.27701 
4.30346 
4.99601 
0.324311 
-8.91639 
7.92524 
1.93814 
5.95809 
1.77465 
2.48539 
2.07646 
12.3925 
16.4962 
-12.1537 
4.10984 
-9.06668 
1.21211 
17.5593 
-0.228079 
-2.69788 
0.315993 
12.1474 
7.30797 
2.56909 
7.78271 
-0.498971 
7.55718 
9.6225 
3.38226 
-0.84768 
-0.0193081 
26.7618 
-0.335536 
-1.59231 
-2.13917 
-2.87139 
-4.59766 
1.01329 
-2.2925 
-0.355281 
-7.16017 
-16.6826 
-7.30196 
2.5082 
5.83339 
3.14879 
-9.68563 
4.91473 
-15.0578 
2.02452 
0.838921 
4.10465 
-0.946466 
5.16396 
17.3724 
1.4763 
4.26598 
4.86825 
7.87722 
2.68304 
15.8784 
21.7977 
3.79071 
-0.114975 
5.14216 
0.0780903 
0.925297 
3.17849 
5.57685 
-1.71745 
13.7246 
-19.5425 
5.01523 
-4.31326 
-2.60078 
-17.8576 
-0.601165 
4.06327 
-14.4339 
1.41887 
0.381713 
-1.01883 
4.95159 
3.23465 
-2.66404 
-11.703 
5.37566 
28.5141 
9.06925 
-2.06354 
-7.57916 
5.36929 
-0.539179 
2.37621 
3.74353 
-2.0993 
-19.6892 
1.39395 
1.77929 
20.7696 
0.621189 
3.79544 
-1.24045 
-4.72706 
12.0414 
0.447384 
-5.9727 
-1.63472 
1.61616 
-8.12876 
-2.06256 
0.598947 
-0.926239 
2.43745 
22.9447 
0.863243 
0.817647 
0.960488 
8.37301 
0.295161 
0.227079 
8.29254 
4.24125 
6.06623 
3.13428 
-1.42427 
3.12415 
-6.30218 
5.85224 
18.706 
3.13295 
10.3859 
6.59973 
11.0013 
3.93206 
-17.2067 
21.2273 
-1.3606 
1.16206 
2.08352 
0.580605 
-3.19236 
21.897 
1.17499 
0.802402 
5.52458 
7.35633 
6.80034 
8.57659 
-1.96809 
4.35654 
-0.276348 
2.67758 
10.5171 
2.63508 
4.71584 
0.337559 
6.99509 
-15.3883 
5.1156 
6.40684 
7.92198 
0.282252 
8.82273 
5.03472 
3.0477 
0.134442 
14.8754 
2.65426 
-1.24503 
10.4601 
9.58333 
4.16343 
3.69737 
5.91181 
-0.371429 
4.43384 
8.03551 
4.95221 
6.26789 
0.498803 
4.1058 
-0.173458 
4.17471 
5.56398 
-15.0273 
12.5911 
3.62639 
7.99092 
4.35934 
2.04717 
-0.413998 
4.67579 
1.00225 
3.67163 
6.60287 
-3.76075 
0.932544 
-0.293251 
-1.05334 
-1.94422 
4.08757 
1.32834 
0.808126 
0.799852 
12.3941 
2.76696 
-1.36092 
1.19848 
1.23789 
-0.98897 
7.70276 
12.5728 
6.67134 
3.42949 
2.85568 
-1.2649 
2.27287 
7.11876 
11.1729 
-0.137562 
1.97489 
3.3064 
0.519408 
-9.03753 
-19.3652 
0.237082 
0.383813 
4.97272 
9.7787 
10.0518 
2.3024 
1.23982 
3.19047 
12.8966 
-6.43298 
-2.71835 
-19.9365 
1.94358 
2.88682 
6.18342 
15.0878 
13.0686 
6.45277 
-12.2682 
-1.42136 
-5.20082 
3.03769 
-1.00754 
-0.14351 
8.22558 
8.40021 
1.45447 
-3.21183 
3.25656 
-1.63138 
-8.85418 
1.45004 
9.81262 
8.09061 
-1.47028 
-18.4555 
11.5652 
-8.53772 
5.69313 
-0.0292898 
0.675341 
2.55954 
-2.54093 
23.2941 
23.3958 
14.7558 
10.807 
-0.155537 
2.66978 
27.0317 
4.5754 
-1.61441 
11.5157 
3.31252 
-0.186713 
8.89613 
-3.14483 
8.6468 
-5.32681 
-0.263474 
2.39067 
2.86236 
12.9819 
2.37215 
12.1489 
0.931108 
-3.3557 
-1.42119 
1.45238 
3.76244 
3.01197 
0.778094 
3.71725 
2.29999 
-12.252 
-5.15956 
-17.6283 
6.50967 
2.97053 
-0.684624 
3.40194 
-3.93787 
3.02478 
0.206403 
1.39448 
-3.56681 
0.340274 
21.6777 
-10.2071 
6.74499 
-3.45159 
5.78777 
-1.90032 
5.9418 
-6.49535 
0.965724 
-12.366 
11.8736 
2.97981 
12.2846 
4.2491 
1.84454 
15.9282 
3.13605 
0.421343 
-2.5627 
0.231358 
8.52451 
7.82318 
-3.89625 
1.57261 
-2.93654 
15.8797 
1.59232 
2.85671 
2.54052 
-1.77426 
5.01339 
6.36206 
28.1466 
-12.7501 
0.615231 
-18.7441 
-2.21223 
3.9372 
2.51036 
2.3337 
17.0662 
-1.56927 
-0.277159 
-4.40142 
-2.36607 
17.9413 
1.11362 
3.97541 
1.12714 
-1.5811 
2.04534 
-0.463355 
0.0614502 
0.921661 
3.50005 
-7.90443 
-4.86273 
-0.459036 
-4.55941 
-3.06723 
15.6768 
5.52207 
4.98694 
3.09408 
9.20716 
2.73784 
26.9924 
8.52542 
-2.93655 
21.2661 
-0.548002 
3.51511 
16.9627 
2.82671 
4.22874 
16.8832 
5.76136 
1.50439 
-2.85146 
6.16878 
4.57882 
1.57625 
3.31525 
-0.5759 
1.69477 
5.27602 
1.30885 
1.42554 
25.5077 
2.30564 
2.72855 
25.0669 
7.17947 
-0.459653 
5.23175 
0.666453 
20.4502 
2.99712 
2.06572 
-0.523364 
1.14925 
1.79026 
7.17844 
0.950263 
0.500899 
0.00542203 
0.481037 
-5.26606 
11.6607 
14.0818 
1.63241 
1.1053 
-0.839893 
3.56168 
0.913571 
22.2837 
16.5634 
9.77562 
10.5117 
2.31967 
-3.02517 
-0.106837 
1.42513 
-18.6865 
29.6025 
0.128355 
-2.46897 
1.80185 
2.20422 
2.85667 
-10.0554 
0.723541 
18.7513 
-0.492829 
18.0992 
-12.9007 
3.53497 
4.60379 
-19.8654 
3.11496 
-0.813836 
19.1392 
-5.00099 
-16.4758 
13.3076 
-2.65217 
-1.93116 
6.52594 
0.945376 
1.08931 
1.76095 
6.16854 
-1.91241 
6.17434 
1.87626 
3.78227 
-0.508315 
8.66016 
-19.3835 
-5.07957 
11.0948 
13.3945 
4.34166 
2.20045 
0.664531 
-0.188277 
5.95369 
2.42214 
4.34541 
9.63989 
24.142 
17.437 
-10.1056 
0.272301 
24.1967 
-1.98949 
-0.7495 
-2.18393 
-0.120952 
4.86647 
0.892444 
14.6408 
3.38502 
3.12051 
2.26885 
17.3355 
2.79819 
-2.65836 
0.719072 
-10.3101 
10.6152 
17.6761 
4.43546 
1.79839 
12.1632 
0.9345 
1.78067 
-8.77823 
5.71806 
-0.0258238 
-0.373088 
6.76951 
0.0225298 
0.15658 
-0.278955 
-0.511117 
10.9991 
13.5408 
5.58935 
16.3589 
5.84259 
4.17031 
0.495441 
0.190999 
-1.60494 
-2.51286 
5.52746 
7.80923 
-4.20483 
4.08138 
4.03761 
8.88082 
1.73575 
1.2477 
8.70909 
3.37454 
4.64416 
-1.07562 
4.18995 
4.65148 
-5.70591 
0.48496 
2.40656 
3.92615 
-8.40226 
1.81588 
10.1536 
3.57377 
3.98951 
3.80956 
2.00504 
4.25929 
-2.00043 
-14.0351 
3.17742 
3.39139 
6.97855 
-1.329 
0.469176 
28.9029 
-5.25454 
15.8389 
3.13384 
13.9695 
4.76879 
-8.57527 
6.81956 
3.76914 
-2.24229 
0.0660829 
3.38364 
3.08232 
-0.168924 
3.89352 
-0.29963 
6.04769 
6.40017 
3.58344 
2.96064 
-1.35186 
6.37601 
12.2061 
-19.1059 
8.27856 
13.4889 
-0.342467 
6.0161 
0.850041 
6.77938 
0.632872 
13.1566 
2.09737 
0.894653 
3.39422 
4.27293 
-12.2032 
26.2611 
0.0724601 
4.9198 
1.85082 
0.344812 
7.16989 
3.68613 
9.07984 
-4.97787 
2.38996 
2.41244 
1.19714 
10.3609 
4.08039 
1.27183 
18.4223 
4.59843 
12.4276 
3.41525 
-0.624632 
3.37034 
-2.03122 
-6.79808 
-0.31206 
-7.41415 
2.04372 
-7.89067 
3.74219 
8.24259 
1.46492 
8.57557 
3.14054 
-0.774131 
-0.0899135 
18.6836 
-6.70544 
0.462127 
13.9284 
-17.5227 
-2.42962 
5.27482 
4.4275 
3.53221 
0.356802 
-0.480895 
-4.1344 
10.6197 
11.3081 
21.4894 
-1.77727 
-6.40616 
-19.9735 
0.745098 
2.26602 
26.2712 
19.1923 
-18.1229 
12.6786 
0.856527 
0.476699 
2.83139 
1.82944 
6.30671 
-7.13543 
-0.895349 
-1.21638 
24.7772 
-0.00241686 
-1.76009 
-7.8088 
0.885266 
-13.5904 
-2.32208 
-8.78221 
7.37969 
10.1344 
3.73616 
-2.51591 
-2.19907 
-1.46702 
0.476275 
3.83398 
3.38814 
1.98936 
5.24739 
-1.68011 
3.20966 
-3.95145 
2.87042 
3.90935 
-4.44454 
5.25861 
3.20244 
-4.19179 
14.6394 
0.337414 
-1.08464 
4.33568 
6.37505 
-5.56269 
-12.8661 
-2.24077 
20.7717 
-2.50015 
-17.7722 
26.3963 
-0.68403 
-10.018 
-18.3425 
-0.234982 
-1.02497 
2.15581 
0.904337 
21.3392 
-4.38864 
-6.33209 
9.53812 
24.2699 
5.50306 
1.38259 
10.3298 
0.485147 
-15.871 
6.36966 
1.4156 
1.33824 
4.54607 
-8.64775 
5.32165 
0.777211 
0.261526 
6.18671 
2.61177 
7.14967 
1.94528 
8.88427 
4.97832 
-13.9294 
4.20926 
-2.8301 
0.92231 
-9.90163 
-0.641547 
1.91396 
3.78009 
-6.84308 
-4.17984 
4.57327 
9.53727 
10.3624 
-1.87635 
2.68736 
-0.900117 
2.40711 
2.95618 
5.42584 
0.801511 
-0.698802 
-15.452 
-0.909255 
8.2645 
-10.3553 
-0.0136045 
-16.2131 
-6.83163 
3.68572 
-4.29098 
10.7506 
-0.101865 
-1.4683 
1.10767 
0.443662 
10.2943 
0.881946 
-2.99453 
-3.11439 
13.6631 
4.99144 
5.90578 
2.75112 
19.1925 
-1.68674 
-16.3671 
4.29433 
11.4978 
-16.7025 
0.0905657 
7.31302 
-12.7687 
-8.99918 
1.96996 
19.6903 
-1.5992 
3.81159 
-2.15382 
-3.99955 
1.53941 
1.55764 
12.9534 
-1.78417 
0.971535 
-1.86988 
2.5983 
-14.5628 
-0.872151 
1.11203 
3.22297 
3.92312 
25.3162 
-15.0429 
4.9821 
0.102943 
-1.94747 
3.51874 
-0.746931 
3.33128 
3.04671 
-2.64456 
8.27583 
-3.25149 
24.9969 
3.30455 
-1.31664 
16.0114 
2.1962 
-2.73811 
12.8074 
9.14113 
2.54469 
28.3217 
8.43293 
4.85964 
8.00447 
10.2616 
13.6507 
-0.912911 
7.41901 
-3.69107 
-15.0213 
9.87023 
-15.7607 
-0.132578 
3.62527 
6.26469 
8.61259 
-1.28974 
2.60937 
2.15202 
1.36093 
3.97484 
1.59609 
-0.476438 
-0.778598 
1.65156 
-2.36182 
2.29037 
0.618637 
1.92291 
-1.39964 
-1.17424 
18.8363 
0.232581 
8.11269 
7.39568 
11.4952 
12.9175 
1.06647 
2.59841 
5.96601 
0.192771 
-0.0555723 
0.75236 
3.37226 
-14.9477 
0.452635 
4.27653 
3.23113 
9.11742 
-18.1203 
8.37072 
-2.9166 
4.77828 
0.58139 
6.50939 
2.8701 
2.33024 
-5.62797 
1.01949 
0.264597 
-16.4618 
21.5336 
1.29978 
-0.164725 
3.74902 
-1.71744 
0.559233 
2.2366 
-13.5931 
-3.78775 
24.2156 
-2.72566 
-2.97996 
0.220364 
27.7801 
-5.41635 
0.516447 
-2.58385 
-11.844 
0.100665 
-1.77638 
4.62973 
0.689809 
1.77791 
2.40587 
6.32974 
-9.45115 
2.88761 
12.4329 
4.20101 
-1.38615 
4.65345 
1.58663 
0.748626 
0.798926 
-0.294442 
9.6799 
6.32804 
-2.41197 
1.10807 
5.25703 
26.0891 
4.81645 
1.2284 
4.8467 
-10.8369 
4.76757 
10.2721 
2.93506 
-1.03033 
2.28545 
-0.162886 
2.08494 
10.1928 
-10.1082 
-6.95294 
3.65016 
8.59936 
0.0473717 
9.1592 
4.02952 
4.75049 
-1.28069 
-3.9497 
1.48749 
0.890236 
0.467514 
6.48171 
-1.82269 
-1.90827 
4.296 
-1.89342 
-2.12062 
3.38753 
6.86185 
20.0082 
19.6479 
-0.634128 
-0.0500804 
7.68874 
-1.56832 
-1.7215 
5.19602 
10.0797 
4.82861 
-4.95703 
10.7462 
23.6199 
3.439 
1.58506 
-6.0071 
10.592 
1.10888 
2.99182 
2.16319 
0.215188 
14.7722 
11.4483 
-1.32766 
4.12854 
4.32208 
1.8572 
1.92615 
29.1361 
2.4067 
23.2212 
-0.0347336 
3.54721 
-3.01158 
-1.58357 
3.58506 
-0.470234 
-0.660143 
-10.9533 
-0.999456 
3.04386 
-5.11391 
4.45874 
-4.31614 
0.147786 
4.79291 
8.51108 
11.4982 
5.27985 
0.807897 
3.98941 
1.58726 
7.11022 
-2.95171 
-0.389858 
8.05741 
-5.44577 
5.51294 
28.518 
14.7256 
-1.30416 
5.83773 
2.50846 
3.19328 
-4.91939 
9.59181 
-0.0858752 
-2.7207 
2.09714 
-1.49562 
7.61493 
5.82449 
9.15574 
24.3602 
-13.3067 
9.52857 
-8.04026 
3.15142 
-11.0206 
-1.2559 
6.91545 
11.0651 
22.5792 
-10.6752 
4.96396 
3.41787 
-0.0720028 
2.93945 
19.2938 
0.755048 
6.16518 
2.25111 
-0.989356 
0.116623 
-16.615 
2.37428 
8.87537 
9.39136 
18.9698 
9.43851 
13.3244 
3.79117 
1.40271 
2.52891 
6.84741 
3.06348 
26.2126 
1.21563 
3.72853 
-6.07627 
1.09401 
1.88635 
4.64608 
17.1668 
-0.349671 
9.93836 
5.84641 
-18.0569 
16.3679 
1.13657 
-6.7051 
5.76603 
8.46303 
16.9264 
0.328544 
3.07154 
1.47678 
3.2414 
1.76224 
0.783955 
0.34253 
2.02207 
-8.37819 
14.9273 
28.5844 
6.23562 
7.57363 
24.9513 
2.62462 
-5.95826 
11.4277 
2.60649 
1.90765 
1.33749 
-1.07424 
4.14394 
2.24513 
15.2513 
9.37491 
-6.60187 
1.07472 
1.72065 
0.443833 
2.08995 
-1.8117 
10.5258 
5.68659 
10.3458 
4.51932 
-9.38433 
15.7951 
-0.447021 
0.634568 
28.0722 
2.06541 
13.19 
4.95051 
-0.229586 
-4.29836 
2.8089 
-1.97949 
1.7762 
-1.44815 
-1.70557 
2.67487 
-14.4427 
0.341593 
13.834 
4.4667 
1.48114 
10.5972 
0.73419 
18.3156 
4.86072 
-0.0762888 
5.81757 
1.34165 
2.79469 
-11.021 
1.77227 
1.56233 
-3.69719 
-1.20448 
21.8412 
4.81069 
0.244091 
-3.71674 
0.713095 
6.85177 
2.68208 
10.5035 
-9.78056 
-0.241113 
-1.10541 
-19.162 
7.22485 
-8.13808 
2.04702 
0.143997 
3.82212 
2.72157 
2.50064 
3.74849 
5.84618 
4.17751 
15.3888 
-14.0912 
1.2735 
0.68314 
-0.843989 
1.48584 
9.4559 
0.0368083 
0.95704 
6.67166 
-1.44916 
-0.439806 
4.93019 
4.8303 
-0.45923 
-12.8874 
3.31428 
-3.62401 
19.9852 
-14.7893 
5.70224 
-9.01317 
3.22645 
-8.00029 
0.37905 
6.1604 
-16.5629 
1.88426 
7.26429 
-1.03381 
3.3044 
-2.89791 
-1.68383 
-0.676525 
22.0412 
-0.876963 
6.84254 
18.7267 
2.56527 
-2.91618 
16.6586 
3.34958 
-0.016561 
-3.40261 
0.317933 
7.4103 
3.8724 
11.5893 
20.0316 
-3.10825 
2.92981 
5.43163 
-1.29784 
2.69476 
9.64826 
1.71188 
0.806207 
4.95821 
-4.03368 
1.26367 
-15.7395 
10.3228 
-2.9063 
2.85895 
3.54457 
-1.61231 
-9.01502 
0.219723 
3.44385 
1.55548 
17.8754 
6.44883 
0.659523 
1.15944 
-0.051255 
6.01893 
-2.13775 
29.5304 
1.42573 
-6.13218 
8.44422 
11.6989 
5.39087 
6.89837 
-4.36808 
-8.5516 
14.8724 
2.74168 
10.5648 
6.57554 
4.68872 
3.17277 
-3.4385 
-2.78017 
28.1412 
1.15872 
6.17941 
9.45021 
25.1899 
-4.34309 
-1.23855 
-11.2988 
-0.781823 
3.34824 
6.47995 
3.65468 
2.69913 
-5.61385 
11.2101 
-17.9091 
3.06886 
-8.53147 
22.2432 
-1.55746 
-1.45469 
4.60489 
15.0298 
-1.10731 
17.0195 
-2.24969 
3.91871 
-1.79772 
-6.0317 
4.62164 
2.68453 
9.43643 
-0.297397 
27.9849 
0.425685 
6.84105 
5.1051 
0.648971 
1.46516 
4.04618 
-0.627244 
-2.63318 
0.667028 
1.61042 
4.75239 
-2.76222 
15.9028 
1.08017 
-19.9157 
23.7243 
-4.18716 
-11.2322 
8.47351 
0.0246556 
7.7669 
1.94581 
-19.9669 
-1.52953 
-3.57307 
2.83635 
1.49636 
7.24984 
-5.45413 
0.43532 
1.2131 
1.90871 
2.46586 
29.0565 
-6.41768 
-3.19951 
-2.64601 
-0.170484 
2.02984 
3.96508 
2.59334 
5.20193 
-14.4455 
-0.97614 
24.0485 
-2.02833 
5.83868 
1.5922 
2.16653 
3.34716 
0.320186 
-4.11554 
-3.58188 
5.02345 
-0.300406 
15.123 
0.165193 
0.689622 
1.40988 
17.7077 
12.0326 
1.43926 
-16.2666 
1.38679 
-7.05671 
3.36534 
-0.855209 
-8.15167 
1.30195 
15.1615 
-0.115899 
3.93342 
-3.01868 
1.83152 
-11.9264 
15.1214 
-0.775211 
4.89916 
16.3717 
2.67613 
-0.51913 
-16.8941 
10.5985 
-2.64655 
11.6709 
9.45414 
8.40024 
-0.923255 
1.50957 
-0.779777 
8.40035 
8.86765 
-6.00174 
4.3758 
-1.4948 
5.10458 
9.8936 
1.62348 
0.735779 
-2.98879 
-9.00773 
6.19447 
-1.32644 
27.6 
6.61226 
16.7929 
-9.34639 
12.9108 
-3.87538 
-0.165722 
1.96682 
7.99849 
2.66913 
1.33219 
6.9362 
4.48365 
0.637651 
5.38199 
1.17972 
6.10495 
2.42163 
3.4325 
-1.70799 
-18.0875 
7.14764 
1.25927 
15.6737 
1.64217 
-0.79755 
7.05409 
6.6864 
-1.01387 
26.1043 
-2.1563 
3.6326 
-0.199433 
2.4829 
5.50556 
2.18388 
-4.04641 
3.74219 
5.94938 
-0.815289 
1.77248 
0.626571 
-0.166765 
20.1942 
6.84111 
-3.9275 
-1.90873 
1.43831 
-1.69203 
4.33557 
3.49186 
0.193886 
-17.8791 
7.6835 
-2.13988 
26.0403 
3.21275 
7.51507 
-0.600942 
3.71718 
2.13328 
1.6643 
-18.2047 
-6.0456 
1.88001 
17.8794 
-13.2107 
-0.743291 
0.114789 
0.445346 
6.20624 
4.60516 
5.87634 
3.1169 
17.2635 
-0.16052 
3.21936 
13.8719 
0.936255 
3.91073 
4.48621 
-6.10369 
3.19649 
10.7462 
1.87585 
7.42817 
0.115086 
14.5264 
-18.8137 
-2.67651 
-3.13533 
4.90681 
7.00044 
-5.5475 
3.18795 
0.69763 
-1.3159 
10.3459 
-16.5635 
-0.217388 
1.43033 
19.2445 
2.84461 
-2.34973 
-11.4635 
6.58201 
2.39084 
5.11446 
6.6231 
-0.842912 
5.62874 
-0.75842 
10.6007 
-1.73346 
13.1224 
3.97349 
-3.4082 
6.82967 
16.9243 
-2.65726 
8.28713 
-9.24983 
0.128279 
3.2994 
1.39832 
0.980344 
23.9322 
16.1849 
2.25157 
-2.01195 
-1.23285 
0.0395489 
3.36891 
-0.536211 
-1.9548 
2.56797 
3.4284 
2.46572 
1.84248 
-2.06791 
0.734244 
3.94665 
1.92507 
5.77191 
6.4764 
6.41969 
3.53265 
1.55703 
2.6815 
-0.0347738 
-3.31892 
-1.08313 
-15.0112 
4.04079 
0.57809 
20.0567 
-0.146511 
0.00698088 
4.46103 
3.57516 
-1.8742 
-3.03972 
2.11856 
6.36142 
7.75693 
-8.72697 
2.01408 
5.91287 
-4.31609 
-17.8935 
-0.135809 
4.03966 
1.81156 
2.98194 
1.05946 
2.54254 
1.69357 
-0.401465 
1.99446 
4.27353 
4.33861 
2.26938 
-0.748806 
-0.862733 
7.03847 
1.16004 
4.73994 
-9.23611 
-2.60632 
0.789751 
4.23929 
5.25863 
3.10194 
11.8343 
21.9953 
3.53605 
-7.85917 
-15.1134 
4.24496 
18.7674 
5.33359 
0.63398 
-1.6521 
-16.2815 
-2.95999 
-8.77326 
0.0179086 
5.22125 
-10.4474 
1.43898 
-4.50967 
-0.357716 
-0.185638 
-1.51561 
4.30041 
1.40852 
-2.16654 
1.73775 
2.75235 
5.8982 
17.9498 
2.90418 
-9.43586 
5.77019 
1.68101 
3.83916 
12.3998 
-0.661421 
0.735524 
4.80589 
-1.13194 
-3.48748 
-0.762056 
6.07331 
0.0887594 
3.2078 
1.46223 
-0.43326 
3.38487 
-3.81307 
13.3253 
-2.27037 
-1.68141 
1.96884 
15.054 
0.499404 
-19.0796 
3.65415 
15.3861 
4.55343 
-0.878343 
-4.82743 
12.6894 
-0.44859 
-17.9439 
1.41268 
-2.66332 
6.65095 
-0.976399 
5.74766 
4.26276 
0.298494 
3.29442 
3.63891 
0.269979 
5.87778 
0.849828 
5.80405 
2.33674 
2.49393 
17.9662 
4.3453 
-16.0305 
14.5442 
-3.72149 
0.762557 
-0.0107286 
3.21 
3.33589 
0.109023 
-1.59449 
-1.32437 
4.55338 
0.563938 
-2.73374 
-0.456393 
2.99748 
0.739313 
5.02778 
-3.04304 
3.27222 
13.9524 
9.53286 
3.62553 
2.47433 
20.6619 
-13.6698 
26.8946 
11.8479 
1.91301 
-7.80761 
10.4841 
2.31903 
1.28652 
-13.9286 
1.26669 
-3.05773 
9.91593 
2.14302 
-0.380851 
4.21551 
3.02706 
3.5556 
9.27066 
0.323934 
-4.26534 
1.92163 
5.64283 
10.5226 
-1.14204 
20.1734 
6.76034 
1.27395 
-7.47428 
2.89328 
1.72168 
3.48936 
-6.76648 
6.71026 
-2.39968 
0.245212 
3.98832 
-3.59836 
10.1055 
2.85981 
-3.49751 
6.71041 
-0.320856 
7.08494 
4.51797 
-16.0404 
-4.00295 
0.873981 
-0.133212 
0.443056 
3.40989 
6.4293 
19.3243 
-0.750883 
-0.426421 
1.0354 
4.12099 
-1.20746 
3.55411 
0.824327 
8.62086 
5.84362 
-0.184105 
-6.91335 
0.339828 
7.00154 
10.3082 
1.76033 
2.97556 
3.26007 
3.42966 
4.13693 
-2.49117 
3.96505 
1.82541 
6.50106 
1.93045 
2.4608 
4.20362 
-4.70765 
4.95802 
1.75931 
-0.789284 
1.70604 
3.28898 
1.50114 
2.69776 
1.31443 
28.8964 
1.56662 
-1.92178 
7.6857 
5.09734 
6.1261 
10.8765 
0.535081 
1.47534 
15.7033 
26.7647 
5.07657 
-1.93676 
0.0500123 
4.85608 
2.04763 
4.27039 
3.0351 
-2.55892 
0.844549 
0.399052 
3.26523 
3.05542 
4.77711 
2.97586 
5.07989 
-2.24104 
1.68102 
-11.9247 
4.73579 
1.08276 
2.86411 
14.2289 
1.74795 
4.90656 
20.1374 
4.07562 
4.24023 
4.63663 
19.1305 
1.12058 
2.19463 
1.61831 
0.877135 
-0.00173146 
1.44453 
1.55237 
5.82781 
3.27421 
3.52932 
-1.67986 
0.741278 
-1.33853 
7.86623 
12.4089 
-11.6031 
1.31819 
-11.8644 
6.73344 
3.31626 
3.69389 
24.5699 
0.387644 
2.82743 
-4.53543 
1.8117 
1.44101 
1.23903 
0.699845 
-5.68994 
6.42912 
4.89886 
4.67135 
5.53942 
-0.878199 
3.91574 
4.07802 
-1.83492 
-4.51225 
-1.14834 
1.30141 
-1.32938 
10.7039 
4.94971 
-10.1062 
6.03142 
6.99368 
1.64418 
4.25219 
-5.75199 
-0.792113 
2.36645 
7.24899 
0.513724 
-3.42826 
2.45681 
-3.44326 
-14.0775 
-19.9332 
-16.4566 
3.10102 
-1.50009 
-0.381376 
18.512 
0.0406454 
-4.32168 
1.88482 
-1.76915 
-0.853315 
6.48363 
6.27055 
-1.66992 
6.96447 
-0.37786 
-1.29158 
-7.8459 
7.07385 
-2.41276 
5.48032 
-15.4396 
0.635248 
1.59611 
-1.93216 
-0.657963 
1.38914 
7.85489 
2.97732 
5.51332 
2.31528 
2.28226 
4.11452 
2.32105 
-17.9459 
8.00486 
0.922603 
-3.23245 
-0.997167 
-11.2954 
-12.1769 
15.9634 
1.50878 
14.0864 
3.13205 
8.82508 
4.11809 
0.948159 
28.8593 
0.00830125 
4.36861 
2.50507 
-5.33015 
-0.811413 
4.79828 
6.06839 
3.01821 
2.99598 
-3.10136 
-1.71664 
-0.593667 
3.26707 
25.8058 
-4.20728 
5.67934 
0.591098 
0.783895 
-0.0354029 
1.81514 
-16.0733 
1.74617 
9.89878 
3.90821 
-2.57068 
3.07439 
-1.56218 
20.7282 
21.6092 
-19.1658 
-0.685753 
11.4577 
29.9267 
8.43956 
3.04617 
5.55306 
0.490849 
0.375788 
5.16619 
1.25574 
-3.08751 
12.8557 
6.08913 
13.2634 
20.3011 
-1.50475 
5.69909 
-1.73901 
4.73125 
13.9353 
-1.20453 
9.48464 
25.8562 
1.699 
28.4176 
1.9495 
2.49364 
7.24325 
1.4926 
-14.0187 
2.1796 
23.6557 
4.457 
4.9675 
5.27894 
2.09051 
15.9915 
9.36034 
2.19368 
3.77652 
-0.619569 
1.25227 
-0.167848 
-1.25852 
2.72339 
2.29366 
-2.69055 
9.59386 
-0.347332 
3.10027 
1.01024 
10.886 
3.59575 
2.95645 
7.87584 
4.51669 
7.62741 
1.47089 
9.53983 
1.70233 
4.39511 
4.1356 
3.84457 
-4.55478 
-7.14671 
5.89171 
-0.783458 
5.2425 
2.51626 
2.16327 
2.92099 
0.73474 
3.41132 
2.2677 
1.95452 
-2.33432 
-16.1205 
18.8713 
4.03235 
0.326974 
-0.0193573 
-1.44391 
2.94789 
-6.87839 
3.37541 
-1.52645 
1.69763 
-0.688209 
5.27166 
-6.0337 
2.14418 
-5.05192 
23.0318 
-0.545338 
-1.30647 
-18.8122 
5.82744 
0.867251 
2.63721 
-10.5729 
5.60227 
4.8343 
7.30506 
4.9279 
2.94273 
5.95871 
-7.59588 
4.05418 
-1.53335 
-1.36885 
5.76032 
2.79572 
8.07727 
-0.384535 
-3.14243 
17.4083 
-1.69224 
12.7807 
29.3166 
23.471 
8.08472 
3.11965 
1.57733 
-0.412499 
2.86191 
-0.832895 
20.7944 
1.36283 
5.24366 
0.619265 
0.741921 
6.83877 
12.2192 
20.3014 
-1.12389 
13.9558 
-8.71389 
-0.430251 
3.63224 
1.16526 
2.60006 
3.63282 
0.511813 
-3.85388 
-0.279102 
11.9878 
1.92851 
-0.393036 
6.04315 
5.34395 
24.6036 
8.71152 
-7.88734 
1.32163 
10.8567 
-14.0571 
-15.5816 
-1.9791 
2.69478 
26.258 
2.80315 
5.02034 
3.55662 
3.17618 
0.575575 
3.56309 
2.96358 
6.02043 
3.00934 
2.6658 
3.97733 
-8.08942 
0.773165 
0.735255 
-3.1142 
4.36436 
3.12803 
6.81807 
1.67307 
8.15487 
-1.31474 
-9.6329 
8.78144 
6.56017 
15.9729 
4.79042 
-3.49892 
-7.58913 
1.69632 
-0.642543 
1.85187 
4.83703 
-3.50548 
1.53043 
1.56285 
-1.81379 
-13.6678 
3.54449 
0.565231 
7.82449 
1.74338 
-2.9147 
-10.8394 
0.766819 
4.1384 
0.810816 
13.6868 
2.16092 
4.10723 
1.94928 
3.17592 
-0.160124 
0.606892 
1.82725 
-0.384468 
0.826399 
1.70078 
3.08223 
-3.1599 
3.1745 
-1.98687 
10.5514 
-16.7036 
3.46356 
1.27092 
0.0663113 
1.08659 
14.4579 
10.0998 
-2.31547 
2.67288 
-0.160109 
4.97625 
11.5483 
2.04952 
-3.1626 
1.93731 
-12.6112 
-15.9194 
3.50223 
3.34494 
3.14347 
2.21879 
0.796246 
0.424114 
4.21988 
-18.1745 
0.199102 
-2.35657 
-3.1102 
14.122 
27.0165 
1.00872 
2.03992 
4.29218 
18.3182 
1.60918 
21.965 
6.17497 
10.4859 
0.405398 
0.435104 
-3.25157 
3.5765 
-11.8343 
1.47227 
5.71911 
-1.34286 
17.2719 
10.1533 
17.6309 
-0.267469 
-0.307452 
-0.592899 
13.2296 
-1.78727 
9.17507 
0.627938 
-0.123147 
1.48155 
-5.33219 
-12.7383 
0.622823 
3.7659 
6.96597 
6.17231 
-2.72676 
3.89157 
9.11529 
-19.4093 
20.6768 
14.1615 
0.129831 
1.22949 
14.6815 
-0.531992 
10.1127 
9.02798 
4.42683 
3.93522 
1.29507 
3.00676 
-11.7598 
-2.90053 
5.66148 
-0.514117 
16.3124 
-1.68984 
-5.59041 
1.72133 
7.69344 
5.39978 
1.87804 
-7.99214 
0.154632 
9.05229 
-0.424759 
1.45904 
8.30897 
-3.87935 
-15.5398 
2.44672 
-1.2422 
1.09334 
3.10284 
13.1753 
4.16136 
-1.98635 
-0.971549 
-17.3165 
4.73566 
-8.87412 
8.69344 
20.3113 
2.20257 
19.1635 
17.992 
-2.68352 
0.848338 
-3.35211 
-12.5775 
6.03741 
22.934 
0.253907 
-19.2857 
2.71283 
-18.4282 
-1.07662 
3.96504 
0.584132 
-19.7823 
3.36325 
3.58004 
12.0518 
0.749522 
1.81687 
1.81809 
0.211617 
0.0660224 
0.0240448 
1.92726 
0.901347 
0.727598 
-0.711679 
1.86611 
-3.27761 
27.3038 
-18.5714 
2.04652 
-9.63396 
3.88067 
4.7533 
5.83931 
23.4497 
2.26375 
23.7529 
1.17458 
3.17419 
-2.43084 
-2.82272 
2.56008 
3.15236 
-12.0524 
5.73373 
16.2244 
6.68907 
3.45601 
1.2875 
4.37974 
-2.30145 
8.78571 
4.36549 
12.6304 
-19.0255 
4.17336 
-0.821874 
-1.72036 
0.0364514 
1.63521 
-3.06965 
13.6788 
8.46302 
-1.5616 
8.19797 
17.4604 
2.22547 
9.76193 
0.96344 
-1.45136 
1.81061 
-17.9959 
-17.7197 
-9.76344 
6.42286 
4.02712 
7.26532 
2.5066 
7.92173 
4.16995 
2.33872 
-0.320855 
9.00936 
0.158218 
-16.3322 
2.23147 
1.65446 
-16.817 
1.31814 
8.89217 
-1.88934 
-6.05231 
0.128124 
0.131729 
1.2015 
25.1092 
4.02656 
12.1768 
2.70983 
-1.70714 
8.1637 
0.317803 
2.49557 
-0.258455 
2.61412 
-0.682121 
2.27468 
10.5579 
1.21306 
-1.57959 
-0.124577 
5.91932 
1.00833 
18.7596 
-9.83948 
9.09228 
-9.0554 
13.0557 
2.41846 
0.583434 
1.77597 
2.1002 
1.65103 
11.4171 
20.2616 
-10.8084 
7.43921 
15.0013 
7.33621 
-1.75963 
-0.733742 
1.55158 
1.77807 
4.54518 
4.16301 
-3.34657 
0.238643 
-13.4606 
3.70637 
-3.59836 
5.17033 
-2.52349 
3.80847 
1.90806 
5.80776 
-10.3317 
3.0345 
4.78374 
-2.67949 
-1.71769 
-0.883226 
-13.0613 
-2.08879 
3.87392 
0.466942 
3.48381 
1.37742 
-14.987 
-0.204246 
13.229 
14.4159 
3.77779 
-0.36489 
7.5328 
-1.146 
4.67577 
-1.08504 
2.62488 
6.94735 
-1.10555 
-7.39275 
15.3026 
1.65011 
-1.5265 
1.66061 
0.707657 
-2.04963 
4.73557 
6.10703 
9.82522 
1.58126 
16.2119 
7.16232 
-1.87168 
2.33083 
7.40769 
2.16991 
2.63953 
2.04353 
3.08515 
2.16801 
-14.1344 
10.9728 
-3.28204 
3.4163 
-0.0519976 
-0.261521 
-3.94244 
0.153195 
14.7701 
-15.0053 
16.9435 
15.1821 
0.564313 
4.77205 
-4.58968 
-1.59458 
3.0561 
-1.73414 
-0.579077 
10.4074 
5.80346 
-7.66749 
4.56924 
3.8341 
4.06653 
0.21499 
-16.6535 
1.37682 
4.79289 
-3.61901 
-0.17724 
2.31843 
1.97672 
6.08349 
-1.29121 
-1.56226 
15.1885 
25.2757 
7.7134 
-2.4434 
12.7294 
6.68847 
-11.1163 
3.68026 
9.67017 
1.69808 
0.0966772 
4.35778 
-2.26607 
-0.82961 
3.63169 
4.61115 
2.71316 
1.0192 
-0.938291 
-6.98506 
-18.5452 
-3.45033 
-0.649966 
1.20682 
3.65915 
5.01065 
3.66667 
-6.20758 
4.37714 
5.79785 
0.451208 
-2.62625 
3.52041 
11.9739 
7.11361 
4.57202 
13.0423 
-12.0508 
4.35245 
11.4764 
-3.19606 
-2.01167 
5.07548 
1.40525 
12.7744 
-10.845 
0.586808 
-1.19881 
-1.74301 
-6.04236 
0.472179 
0.64845 
1.19574 
-3.09961 
2.35021 
-17.7997 
-0.984913 
4.07313 
13.8126 
0.408452 
-7.81325 
-2.21981 
4.02878 
22.7159 
9.68313 
5.11958 
2.26429 
2.61654 
-1.93691 
-8.43945 
-1.43343 
-12.7465 
1.90219 
0.158155 
10.7421 
-0.503702 
0.715682 
5.0575 
18.5087 
0.563988 
-9.61843 
-1.89796 
4.43473 
3.86149 
5.98406 
0.68408 
1.13278 
2.15445 
1.05483 
1.64218 
10.5009 
-3.57614 
1.31844 
-1.047 
0.339905 
25.4462 
9.84457 
6.22641 
-0.564732 
-2.80555 
3.78342 
1.24264 
1.94471 
1.68117 
-1.82822 
0.888184 
-0.0837844 
-0.0370921 
0.70408 
4.66718 
6.17044 
0.920487 
0.74621 
6.04864 
21.2574 
17.5205 
-0.262035 
0.650781 
-18.2977 
0.607069 
-14.2595 
1.87642 
2.60025 
14.4784 
2.68099 
-0.746882 
4.04911 
1.36512 
0.386873 
3.21325 
1.60896 
1.22059 
-2.30963 
25.8416 
2.38029 
0.109852 
-0.368775 
5.16721 
1.06876 
5.96341 
-19.0041 
4.84437 
6.3696 
-0.0106785 
2.30454 
-3.62576 
1.60733 
5.49497 
9.32614 
2.20188 
2.10968 
11.9303 
11.664 
1.88868 
2.41404 
-2.78282 
-1.62773 
-0.270112 
2.72448 
5.13009 
4.89398 
2.94108 
0.595662 
-8.1844 
3.14123 
-0.463643 
-2.78615 
-6.3672 
0.44519 
2.06238 
23.998 
9.55554 
-2.6823 
-7.90804 
3.23306 
0.0603627 
2.57036 
5.97476 
6.30176 
2.55098 
0.0364498 
8.83665 
4.76587 
2.24247 
5.00609 
2.60635 
4.20759 
-0.171012 
12.2643 
0.833151 
7.11067 
13.5401 
2.02223 
-1.44002 
-0.0966243 
-13.1959 
2.71129 
0.421193 
8.01614 
21.5283 
2.51057 
19.0997 
-5.94849 
-6.22758 
8.09501 
-0.74654 
2.63867 
13.0525 
-0.299211 
3.02183 
20.114 
-0.00723302 
-6.58878 
-9.05724 
0.981518 
3.07526 
14.044 
18.0221 
-1.23228 
-1.76399 
11.0568 
11.2087 
-2.63081 
2.95362 
-0.738854 
-0.78709 
3.21988 
0.885762 
1.18504 
1.83402 
21.3685 
2.06091 
-1.65958 
18.2711 
1.76658 
9.99469 
1.91774 
26.4791 
-2.94616 
1.15126 
2.31322 
-4.06297 
-1.2503 
10.0423 
-12.7937 
13.1434 
-1.11885 
3.27761 
1.84571 
10.3797 
-4.51704 
-16.3838 
2.93502 
-1.81805 
9.07624 
-3.07134 
-2.2072 
0.194311 
3.71817 
-19.0483 
7.35284 
2.49158 
4.22584 
-1.87063 
0.087928 
4.70478 
-1.17736 
2.58423 
-2.65573 
8.25889 
12.1556 
6.75563 
0.0895275 
17.4664 
20.9675 
18.1757 
20.3902 
2.54854 
4.9441 
3.03479 
-0.168449 
2.94022 
4.12047 
2.97504 
0.00920444 
3.76678 
1.81167 
28.9901 
3.17414 
-16.5807 
2.74019 
-8.27602 
21.2859 
2.04666 
-3.33649 
4.27742 
2.37211 
23.3718 
4.64956 
4.06831 
5.05035 
5.24492 
5.67159 
-7.29189 
-3.92596 
-1.23339 
5.26644 
-0.15502 
1.82761 
9.92869 
12.1138 
-3.33052 
-1.94298 
9.08752 
-3.09264 
0.40721 
9.09142 
17.7379 
1.24807 
-1.59033 
-3.42002 
2.82469 
5.78184 
1.24555 
-14.8169 
2.7222 
1.62725 
1.25059 
-0.632374 
3.18749 
0.147214 
-4.01446 
12.4334 
-1.89918 
-4.5059 
-0.641122 
5.20308 
11.728 
0.598259 
2.42415 
-9.21199 
3.66718 
-11.3694 
0.367263 
0.789453 
-2.32904 
1.68116 
0.5734 
0.297006 
5.21691 
2.57045 
0.839765 
-0.709226 
12.9098 
-1.07344 
5.16314 
2.00831 
-10.9359 
5.29989 
5.36788 
-0.649313 
16.0867 
-0.331265 
-15.7219 
2.53902 
1.04974 
1.96029 
-2.3558 
0.112127 
-1.5111 
1.22092 
24.7607 
2.87302 
-2.12304 
4.00567 
-0.94842 
-3.43052 
1.33242 
5.81081 
-2.87293 
-5.43066 
8.33477 
0.273021 
-0.156764 
-1.92213 
-16.4232 
0.558351 
4.47326 
10.7828 
2.56237 
-1.22546 
6.05985 
-2.01396 
5.73962 
4.07867 
23.1132 
0.925658 
6.00333 
-0.601737 
11.0489 
1.96689 
5.32736 
-0.812231 
3.0841 
0.744282 
3.45096 
10.3152 
2.23029 
2.01877 
5.91375 
5.57919 
-1.5827 
-6.24612 
-1.6647 
0.51473 
-1.38469 
2.67114 
2.88216 
7.6795 
-4.31658 
3.40969 
3.78019 
-13.7355 
5.45133 
12.1079 
2.50272 
2.16238 
1.83793 
-1.41456 
6.2682 
19.6477 
11.9873 
6.79386 
3.36536 
-1.43221 
-14.461 
12.0026 
14.9733 
5.30782 
6.77167 
4.79304 
7.37543 
2.36604 
-7.65135 
3.90418 
2.498 
4.61855 
-19.3899 
-8.79592 
-1.82283 
4.31526 
3.59732 
-3.64879 
4.02211 
4.68086 
2.70143 
-1.1567 
-0.410874 
2.99831 
-6.32128 
9.04118 
2.76121 
0.949508 
2.87227 
0.408949 
18.9928 
9.66779 
-3.13764 
-0.658722 
4.68967 
1.54942 
1.13701 
12.954 
0.237969 
0.718701 
3.77806 
-3.6739 
0.410423 
7.83594 
11.8222 
1.25656 
2.88634 
3.31569 
1.67411 
4.6435 
1.70578 
0.243142 
6.511 
4.0145 
-10.5432 
0.707355 
1.73672 
-4.52357 
1.8686 
3.65898 
-0.448012 
1.17491 
-0.672851 
4.70898 
-3.78254 
0.327477 
6.10461 
4.50901 
-2.81453 
1.18044 
24.285 
-0.319566 
1.08718 
8.52194 
3.23723 
-18.9756 
11.1897 
-2.32242 
2.09666 
10.319 
-12.3979 
-0.335362 
-14.2411 
19.8286 
0.931924 
2.18223 
0.275936 
0.69248 
2.31051 
2.29387 
-5.94395 
3.1193 
-5.05538 
15.7809 
0.826655 
20.0123 
-5.11359 
-2.74561 
-2.17187 
0.247215 
-2.57389 
5.38175 
6.55012 
2.15716 
-0.749659 
2.50798 
10.9401 
9.65449 
2.2326 
8.02105 
4.66328 
3.00407 
-13.5928 
12.1662 
0.336297 
15.8525 
16.8443 
-1.521 
0.652996 
10.7142 
3.54896 
23.0489 
6.88985 
-1.06863 
-3.57955 
8.07352 
3.7524 
5.64501 
-12.3095 
2.89633 
0.933399 
-0.0313051 
-2.42877 
6.56807 
0.402775 
3.49207 
3.23478 
-0.868091 
2.83566 
2.36757 
11.9191 
-2.80474 
-0.31808 
-0.846888 
1.99726 
-4.45371 
21.6711 
4.5892 
3.48563 
1.40738 
-5.96321 
14.1527 
3.36632 
-1.55458 
-0.50676 
-1.49932 
0.241682 
19.2828 
-0.271179 
-3.34167 
-12.7911 
5.66412 
1.43489 
-2.52702 
5.78108 
3.86286 
4.57872 
1.82907 
-0.669921 
2.80432 
7.59031 
-1.46112 
4.05529 
-2.82718 
-11.6623 
7.03721 
-0.421556 
-0.241622 
8.7326 
2.83977 
7.28947 
3.10793 
2.36984 
-10.1948 
5.37713 
19.8553 
1.8438 
-4.02059 
-4.28079 
-2.09019 
-0.773848 
0.677698 
1.16564 
-14.6719 
-0.422838 
9.5628 
-0.624413 
-0.78569 
15.949 
19.4372 
12.5617 
0.860643 
4.59093 
4.74192 
14.0019 
0.588129 
2.81831 
-19.5715 
5.68242 
2.01674 
3.10784 
1.08011 
-19.0795 
1.11495 
3.4683 
8.14693 
6.74943 
3.87661 
-2.84905 
5.30816 
0.762032 
-1.90163 
6.95961 
1.7926 
3.03802 
7.04901 
7.40803 
2.12168 
3.06204 
-1.06042 
-15.7237 
27.8958 
0.352243 
11.5351 
9.7426 
0.98414 
0.668051 
1.10358 
0.72755 
-1.55181 
7.45621 
3.26135 
1.48935 
6.86586 
6.96247 
4.33179 
-16.5302 
2.46403 
-3.36985 
-4.09832 
-2.42387 
1.86847 
-1.9071 
-2.18465 
-1.32269 
5.14457 
13.833 
0.141511 
-0.252096 
-4.31119 
-9.72853 
-2.34651 
-4.84338 
20.1073 
2.68579 
2.8618 
-4.71887 
0.980724 
5.99083 
2.83247 
14.2678 
3.62981 
10.0118 
0.909589 
5.41855 
1.23421 
4.95238 
-0.546116 
14.806 
-0.681044 
4.30326 
0.148505 
3.71462 
4.35006 
-1.6016 
-3.96566 
3.51123 
17.5337 
21.9746 
4.6604 
-0.053106 
1.14362 
5.74684 
5.20158 
0.298887 
-1.83018 
4.37424 
-0.912596 
3.70603 
-1.39216 
-3.24922 
11.6942 
0.941658 
-2.99063 
2.78188 
5.21776 
-14.7914 
0.998462 
-2.17926 
1.80931 
-3.63221 
-12.855 
4.41384 
10.876 
5.99059 
-1.2929 
-4.54442 
25.8181 
16.3205 
11.6297 
10.2596 
-2.25459 
1.51776 
-8.6995 
22.5342 
1.84239 
4.85177 
2.82411 
-5.96421 
3.3622 
9.31715 
-0.199286 
6.06438 
1.98564 
20.4014 
1.2137 
6.53373 
1.50459 
6.66252 
-16.7412 
5.96966 
2.30624 
-1.34826 
7.854 
6.65624 
-0.00294859 
3.4712 
-17.4213 
4.28072 
6.8635 
0.456158 
2.97522 
2.55773 
-0.497213 
2.89058 
-1.30327 
3.96127 
1.18727 
-18.5502 
-1.83764 
4.75496 
1.21917 
7.57224 
20.3756 
4.95372 
18.6431 
-15.7968 
-17.4007 
2.4902 
2.6804 
1.89596 
2.15963 
-4.81371 
-7.63925 
7.16983 
-4.34893 
0.77907 
6.0987 
-3.34044 
0.460074 
6.48798 
4.32672 
0.552795 
-9.84064 
8.85519 
-0.255379 
1.49029 
3.40962 
11.2924 
2.07572 
0.789895 
-0.123318 
-0.106337 
0.129131 
-0.549982 
7.00582 
0.959367 
20.4042 
-0.712486 
2.42137 
24.474 
2.76714 
6.65018 
-11.2939 
2.28971 
-1.4012 
9.64709 
-0.315908 
2.25557 
1.53339 
7.88053 
0.636596 
10.4506 
-0.796192 
-2.76535 
-17.7569 
3.94315 
-0.982181 
-2.3114 
27.8981 
15.121 
2.2305 
-1.94335 
0.712438 
-1.03836 
-18.0121 
5.7206 
4.94846 
4.7297 
-2.1377 
16.9609 
-1.33438 
5.65324 
1.95876 
4.78099 
2.36897 
-1.54838 
1.87421 
-1.724 
-7.31091 
4.02063 
4.91666 
-14.0311 
2.61536 
3.132 
0.165549 
21.3525 
1.75118 
24.2394 
7.08314 
-16.1075 
10.1954 
-12.0587 
-9.58031 
3.71505 
-8.45136 
7.97124 
3.72344 
2.01434 
2.85187 
21.1542 
2.88994 
-0.908534 
10.3776 
-14.7358 
-0.158353 
7.03362 
-1.90104 
6.14364 
2.40391 
19.1998 
5.91851 
9.38953 
-13.9191 
0.143832 
-10.6131 
7.41772 
23.3947 
1.93071 
2.86845 
7.67737 
0.213365 
3.72446 
3.37822 
2.10835 
0.983879 
4.26729 
1.50517 
-0.100946 
0.0484507 
1.8925 
-1.2604 
-9.96701 
2.11893 
3.92258 
-13.3635 
-1.70452 
4.35251 
-0.199633 
-10.2253 
-0.608204 
5.66642 
0.201573 
8.92242 
0.612462 
4.1352 
9.01513 
8.41585 
24.2158 
2.55257 
1.06031 
-7.42083 
-2.64291 
15.428 
-0.814212 
17.0883 
1.87987 
2.17031 
-0.990941 
3.26584 
1.51645 
17.7457 
1.92808 
2.06802 
2.40772 
-1.25878 
2.23255 
12.2621 
6.54653 
5.45867 
1.29243 
3.44849 
2.92705 
-0.157031 
3.5157 
0.707932 
-3.8962 
-1.31933 
1.39676 
1.35519 
3.56133 
9.0457 
-0.0691737 
-0.591718 
1.10899 
0.298693 
5.36118 
-0.330592 
23.7249 
-3.59427 
0.198948 
10.2685 
1.02813 
-0.310852 
-0.420843 
2.77111 
-5.35522 
-4.60681 
-0.108079 
-2.98867 
21.1188 
-8.6734 
6.6272 
2.86844 
6.14251 
-11.9167 
-0.885764 
-0.16811 
-3.60957 
6.74168 
6.15036 
-4.05509 
6.80185 
-15.8047 
29.4116 
1.67564 
5.80583 
-19.9254 
-0.882482 
-19.6616 
1.80686 
6.32556 
0.537743 
-5.37057 
6.76017 
2.84442 
4.77766 
28.369 
9.65091 
-1.12411 
3.6161 
-1.29454 
10.9434 
2.69609 
2.32499 
-15.7388 
0.555732 
-10.6496 
-7.72657 
4.09745 
3.5577 
-1.38486 
-2.06992 
3.69477 
-7.84895 
-3.12839 
2.47131 
0.353545 
0.698623 
-2.55775 
2.21239 
4.38709 
0.802737 
-4.5346 
1.11912 
-0.828932 
25.6913 
-2.48611 
-3.8135 
-0.278386 
28.1318 
9.48815 
-11.6704 
3.5417 
-2.2572 
9.93762 
12.9905 
11.6948 
-2.36207 
-8.06856 
4.26272 
-3.51773 
5.07553 
2.22435 
18.5953 
15.1384 
4.0495 
9.64067 
11.5879 
-1.3945 
1.01681 
-0.139634 
2.69846 
13.6287 
12.4248 
1.40436 
1.44844 
0.488494 
12.473 
-6.46333 
-1.78851 
2.78486 
8.46875 
-0.838243 
-1.59623 
7.27178 
-7.90477 
3.76433 
2.1881 
7.72759 
-1.00435 
-4.84089 
-4.79695 
8.83571 
0.200878 
-0.264271 
-3.87357 
2.45744 
8.42272 
1.0538 
1.84328 
-1.31544 
-17.4378 
15.0556 
-1.24615 
13.9745 
7.78597 
-1.82501 
-3.47005 
2.97839 
1.2118 
-0.329083 
1.6285 
8.91442 
1.3671 
20.4763 
0.65157 
-10.368 
-11.4201 
-1.57416 
0.881537 
-10.3543 
8.11482 
23.8373 
2.63295 
1.56008 
1.64904 
-13.2717 
8.50368 
0.0931499 
0.680725 
9.4585 
5.5389 
3.36507 
3.36664 
0.577351 
-15.7213 
-3.39236 
-16.4041 
-7.81614 
-14.3766 
-8.2908 
-14.2322 
14.4383 
1.10018 
1.84383 
-2.73132 
1.22597 
7.15428 
2.43831 
-14.6019 
1.85837 
8.3152 
2.18675 
3.43473 
9.67061 
-7.1779 
5.25404 
-1.35278 
0.194034 
-0.64741 
6.91 
3.58001 
25.7396 
1.43744 
-0.664004 
1.79732 
-17.2256 
7.13486 
1.43548 
14.9546 
2.92435 
24.2085 
6.71096 
9.4173 
2.45419 
14.4258 
7.65664 
10.3646 
-1.2394 
3.85615 
11.0819 
-1.51921 
1.15245 
4.86421 
4.73494 
1.05835 
-1.79686 
-8.70111 
2.17243 
4.39922 
18.5762 
1.09179 
5.07616 
5.75098 
2.52507 
1.06632 
-8.86582 
1.05688 
-0.381927 
-14.7264 
11.8327 
24.8198 
-15.9072 
1.7802 
3.65908 
-8.93253 
3.38616 
-11.3316 
9.42163 
0.516077 
0.519462 
3.46984 
-5.00973 
-17.6672 
2.12752 
14.7237 
-13.8846 
1.29731 
3.71989 
-10.6588 
2.45218 
3.98189 
2.67893 
2.45138 
20.1945 
4.98924 
17.1231 
3.63346 
0.808493 
3.19329 
-1.14263 
-2.93079 
-2.3382 
-0.0216657 
6.20718 
4.50196 
1.93648 
0.863575 
4.29561 
0.932049 
0.0691699 
4.2252 
-13.4003 
1.81479 
5.55687 
16.8324 
6.48818 
0.662686 
-1.72776 
3.56772 
-5.09026 
-4.46911 
12.3528 
16.0818 
-0.39953 
3.45509 
-7.97217 
4.66606 
-14.0022 
2.79886 
-2.28088 
0.615836 
-1.87059 
-2.82119 
1.212 
7.85299 
-6.68985 
1.01677 
18.6552 
0.248874 
3.50567 
0.241579 
3.22276 
5.16044 
7.67415 
-1.60453 
10.5793 
-15.1289 
3.45072 
1.56699 
0.119441 
15.6333 
2.38474 
1.13001 
1.79965 
-6.83156 
5.35974 
7.39764 
3.20365 
-6.18235 
3.68378 
-7.30655 
3.50819 
4.1455 
0.138653 
-16.518 
1.29354 
-6.31309 
4.02196 
-0.458802 
4.85031 
-0.205868 
0.150498 
0.956443 
2.47551 
18.6065 
3.38237 
8.40145 
-2.44604 
4.51252 
4.99438 
-1.89783 
-2.15186 
4.70486 
-0.810655 
10.4421 
0.373201 
3.22505 
4.85392 
1.33527 
15.5952 
2.72893 
8.09273 
2.3855 
3.20293 
2.83471 
-2.1186 
-18.5785 
1.63032 
0.208698 
-11.5567 
22.8736 
1.77798 
3.5962 
-2.37067 
12.5247 
7.29233 
2.45733 
-4.36407 
2.01119 
4.76086 
-0.106159 
-0.657282 
6.95928 
1.14561 
6.66171 
6.79115 
-4.97387 
1.53187 
0.50997 
-2.33938 
2.40454 
2.79134 
-2.79138 
0.125123 
21.3444 
-4.1032 
9.72931 
4.55871 
-3.68434 
9.24255 
-1.35353 
-14.5046 
2.33269 
-2.29619 
6.02654 
-1.51023 
7.70946 
1.34654 
-2.54312 
7.98549 
5.50766 
-14.4081 
3.38123 
11.4041 
-0.778538 
3.72611 
-1.92041 
-4.27915 
-0.393359 
-2.76845 
1.99171 
-0.543779 
0.395323 
8.77489 
4.27896 
1.69101 
-5.61775 
-5.35399 
5.7056 
13.4229 
2.23014 
-0.319123 
0.461543 
13.746 
1.64796 
3.21249 
7.96075 
0.0532243 
1.12584 
13.9034 
-16.1544 
4.8148 
-3.02389 
0.609765 
-19.8561 
13.9384 
29.1632 
0.211041 
-12.6429 
6.5925 
1.11575 
2.4917 
-17.6217 
-0.394014 
-7.26446 
12.0294 
-3.45639 
1.04913 
1.91175 
1.21126 
-5.15855 
-3.50313 
6.34687 
-0.803573 
-0.163109 
0.975641 
2.41962 
7.77918 
6.73589 
-7.15829 
-4.40229 
3.92407 
0.967887 
1.7453 
9.3927 
3.09997 
5.00527 
3.80815 
6.6635 
-3.96152 
-0.452783 
14.8304 
-14.9176 
-2.9256 
2.96657 
0.783549 
22.9658 
1.97198 
-5.74613 
27.4634 
7.9389 
0.519666 
0.781822 
-11.2908 
-2.75269 
-0.264835 
1.57112 
2.76613 
15.609 
0.606721 
-0.570092 
5.10043 
-1.81479 
-1.01712 
2.84026 
-0.696005 
1.15661 
2.0919 
-17.0263 
-9.34131 
2.56065 
4.4565 
1.85623 
20.7934 
16.71 
3.4219 
3.95392 
-17.6749 
3.59138 
2.7185 
23.8353 
8.41675 
-1.37291 
6.86244 
-10.9951 
2.62623 
4.90522 
-15.4269 
7.18194 
-19.6757 
12.2399 
3.22845 
0.0336845 
-1.3003 
-0.464644 
0.655354 
-0.954253 
2.32473 
5.26153 
2.9676 
6.45878 
1.8895 
-3.74072 
0.531125 
10.0738 
-2.23947 
-0.202622 
-11.14 
1.91464 
0.406874 
4.29592 
2.43632 
5.57419 
-0.145292 
1.40074 
5.59598 
-10.3229 
6.90598 
3.55568 
12.4733 
3.58476 
5.28255 
27.5085 
0.511863 
-4.7343 
2.64169 
1.02356 
1.90147 
-14.3532 
15.4871 
1.37502 
1.21036 
-8.28579 
8.75889 
4.09436 
4.72284 
-4.2522 
0.296866 
3.57708 
1.18256 
8.05902 
-1.81861 
1.93117 
1.21921 
4.44862 
2.63279 
-1.2614 
1.41337 
0.970914 
0.956245 
3.82986 
-0.815406 
-0.705069 
2.90219 
-13.6658 
0.740637 
2.12821 
1.88666 
1.34572 
-8.04406 
5.21433 
-9.59675 
0.971092 
0.0439577 
4.87851 
7.52044 
4.7483 
10.7195 
3.04636 
-10.8559 
-2.69379 
0.0299712 
6.5582 
9.6387 
-12.7054 
-3.49293 
4.58236 
-0.532852 
7.06664 
2.09169 
1.19177 
0.69968 
-1.73773 
3.71493 
-0.663044 
2.78735 
9.98308 
2.66316 
3.75251 
-1.47599 
8.93795 
28.9806 
-1.69084 
-0.119419 
-9.20086 
2.33342 
11.9005 
2.30557 
-13.7556 
-1.59531 
8.12936 
11.2813 
3.61435 
-1.29572 
3.52366 
4.38971 
-4.60761 
7.88739 
5.97336 
-0.454686 
-13.2162 
-0.606225 
0.576725 
5.49758 
2.35876 
12.2695 
7.01014 
3.05455 
5.20579 
0.931991 
9.95119 
5.75149 
5.29768 
-1.60062 
4.91714 
-1.53594 
4.95418 
12.6027 
-7.7104 
9.41509 
29.3199 
-11.3012 
2.38003 
3.0715 
6.09428 
2.31614 
2.13508 
-2.10805 
1.66279 
6.70143 
11.5141 
-4.46723 
0.165906 
-1.95981 
12.1421 
5.60517 
14.0421 
8.94296 
9.48259 
15.2922 
